Vertex Count: 1644

Data:

0.2946 2.3404 -0.2928 -0.3581 2.1017 0.3553 0.0062 -0.9347
0.0931 4.6838 -0.3922 -0.5034 1.2929 0.115 0.0529 -0.992
0.3967 4.6776 -0.1999 -0.3781 1.2838 0.5262 0.0577 -0.8484
0.2946 2.3404 -0.2928 -0.3581 2.1017 0.3553 0.0062 -0.9347
0.0892 0 -0.348 -0.3674 2.9229 -0.0909 -0.0047 -0.9959
0.0931 4.6838 -0.3922 -0.5034 1.2929 0.115 0.0529 -0.992
0.2946 2.3404 -0.2928 -0.3581 2.1017 0.3553 0.0062 -0.9347
0.5994 0.0001 -0.231 -0.1844 2.9089 0.5063 0.0164 -0.8622
0.0892 0 -0.348 -0.3674 2.9229 -0.0909 -0.0047 -0.9959
0.2946 2.3404 -0.2928 -0.3581 2.1017 0.3553 0.0062 -0.9347
0.3967 4.6776 -0.1999 -0.3781 1.2838 0.5262 0.0577 -0.8484
0.5994 0.0001 -0.231 -0.1844 2.9089 0.5063 0.0164 -0.8622
-0.7263 2.3426 0.2784 -0.8193 2.13 -0.9294 0.0364 -0.3673
-0.5084 4.6825 -0.0187 -0.7584 1.3034 -0.8196 0.0382 -0.5717
-0.7769 0 0.152 -0.7197 2.9536 -0.8073 0.0205 -0.5898
-0.7263 2.3426 0.2784 -0.8193 2.13 -0.9294 0.0364 -0.3673
-0.6629 4.6849 0.3279 -0.8923 1.3046 -0.9988 0.0456 -0.0171
-0.5084 4.6825 -0.0187 -0.7584 1.3034 -0.8196 0.0382 -0.5717
-0.7263 2.3426 0.2784 -0.8193 2.13 -0.9294 0.0364 -0.3673
-0.9569 0.0031 0.6525 -0.9045 2.9667 -0.9964 0.0676 0.0509
-0.6629 4.6849 0.3279 -0.8923 1.3046 -0.9988 0.0456 -0.0171
-0.7263 2.3426 0.2784 -0.8193 2.13 -0.9294 0.0364 -0.3673
-0.7769 0 0.152 -0.7197 2.9536 -0.8073 0.0205 -0.5898
-0.9569 0.0031 0.6525 -0.9045 2.9667 -0.9964 0.0676 0.0509
0.6855 2.3431 1.0782 -1.6013 2.0942 0.6437 0.1214 0.7556
0.6944 4.6825 0.6758 -1.5459 1.2631 0.8691 0.077 0.4886
0.4402 4.6825 0.93 -1.4177 1.279 0.5237 0.0711 0.8489
0.6855 2.3431 1.0782 -1.6013 2.0942 0.6437 0.1214 0.7556
1.0181 0.0073 1.1891 -1.8159 2.9035 0.8534 0.1099 0.5096
0.6944 4.6825 0.6758 -1.5459 1.2631 0.8691 0.077 0.4886
0.6855 2.3431 1.0782 -1.6013 2.0942 0.6437 0.1214 0.7556
0.5892 0 1.518 -1.6321 2.939 0.4922 0.1277 0.8611
1.0181 0.0073 1.1891 -1.8159 2.9035 0.8534 0.1099 0.5096
0.6855 2.3431 1.0782 -1.6013 2.0942 0.6437 0.1214 0.7556
0.4402 4.6825 0.93 -1.4177 1.279 0.5237 0.0711 0.8489
0.5892 0 1.518 -1.6321 2.939 0.4922 0.1277 0.8611
-0.1207 2.3439 1.3026 -1.287 2.1318 -0.3463 0.1321 0.9288
0.0931 4.6836 1.0399 -1.2872 1.2906 0.0043 0.0633 0.998
-0.2542 4.6825 0.93 -1.1565 1.2981 -0.5222 0.0478 0.8515
-0.1207 2.3439 1.3026 -1.287 2.1318 -0.3463 0.1321 0.9288
0.0892 0.0095 1.7224 -1.4478 2.9635 -0.0002 0.1413 0.99
0.0931 4.6836 1.0399 -1.2872 1.2906 0.0043 0.0633 0.998
-0.1207 2.3439 1.3026 -1.287 2.1318 -0.3463 0.1321 0.9288
-0.4108 0 1.518 -1.2623 2.9748 -0.5752 0.1211 0.809
0.0892 0.0095 1.7224 -1.4478 2.9635 -0.0002 0.1413 0.99
-0.1207 2.3439 1.3026 -1.287 2.1318 -0.3463 0.1321 0.9288
-0.2542 4.6825 0.93 -1.1565 1.2981 -0.5222 0.0478 0.8515
-0.4108 0 1.518 -1.2623 2.9748 -0.5752 0.1211 0.809
0.6614 2.34 -0.0744 -0.205 2.0886 0.6533 0.0211 -0.7568
0.3967 4.6776 -0.1999 -0.3781 1.2838 0.5262 0.0577 -0.8484
0.6944 4.6825 -0.0187 -0.2569 1.2707 0.7945 0.0681 -0.6035
0.6614 2.34 -0.0744 -0.205 2.0886 0.6533 0.0211 -0.7568
0.5994 0.0001 -0.231 -0.1844 2.9089 0.5063 0.0164 -0.8622
0.3967 4.6776 -0.1999 -0.3781 1.2838 0.5262 0.0577 -0.8484
0.6614 2.34 -0.0744 -0.205 2.0886 0.6533 0.0211 -0.7568
0.9552 0 0.152 -0.0002 2.8922 0.8773 0.0361 -0.4786
0.5994 0.0001 -0.231 -0.1844 2.9089 0.5063 0.0164 -0.8622
0.6614 2.34 -0.0744 -0.205 2.0886 0.6533 0.0211 -0.7568
0.6944 4.6825 -0.0187 -0.2569 1.2707 0.7945 0.0681 -0.6035
0.9552 0 0.152 -0.0002 2.8922 0.8773 0.0361 -0.4786
-0.4774 2.3411 -0.0711 -0.6638 2.1218 -0.6403 0.0018 -0.7681
-0.2542 4.6825 -0.2729 -0.6321 1.2994 -0.5229 0.0375 -0.8516
-0.3702 -0.0005 -0.1446 -0.5439 2.9381 -0.5027 -0.0068 -0.8644
-0.4774 2.3411 -0.0711 -0.6638 2.1218 -0.6403 0.0018 -0.7681
-0.5084 4.6825 -0.0187 -0.7584 1.3034 -0.8196 0.0382 -0.5717
-0.2542 4.6825 -0.2729 -0.6321 1.2994 -0.5229 0.0375 -0.8516
-0.4774 2.3411 -0.0711 -0.6638 2.1218 -0.6403 0.0018 -0.7681
-0.7769 0 0.152 -0.7197 2.9536 -0.8073 0.0205 -0.5898
-0.5084 4.6825 -0.0187 -0.7584 1.3034 -0.8196 0.0382 -0.5717
-0.4774 2.3411 -0.0711 -0.6638 2.1218 -0.6403 0.0018 -0.7681
-0.3702 -0.0005 -0.1446 -0.5439 2.9381 -0.5027 -0.0068 -0.8644
-0.7769 0 0.152 -0.7197 2.9536 -0.8073 0.0205 -0.5898
0.3029 2.3439 1.3026 -1.4446 2.1167 0.3463 0.1315 0.9289
0.4402 4.6825 0.93 -1.4177 1.279 0.5237 0.0711 0.8489
0.0931 4.6836 1.0399 -1.2872 1.2906 0.0043 0.0633 0.998
0.3029 2.3439 1.3026 -1.4446 2.1167 0.3463 0.1315 0.9289
0.5892 0 1.518 -1.6321 2.939 0.4922 0.1277 0.8611
0.4402 4.6825 0.93 -1.4177 1.279 0.5237 0.0711 0.8489
0.3029 2.3439 1.3026 -1.4446 2.1167 0.3463 0.1315 0.9289
0.0892 0.0095 1.7224 -1.4478 2.9635 -0.0002 0.1413 0.99
0.5892 0 1.518 -1.6321 2.939 0.4922 0.1277 0.8611
0.3029 2.3439 1.3026 -1.4446 2.1167 0.3463 0.1315 0.9289
0.0931 4.6836 1.0399 -1.2872 1.2906 0.0043 0.0633 0.998
0.0892 0.0095 1.7224 -1.4478 2.9635 -0.0002 0.1413 0.99
-0.4799 2.3403 1.0635 -1.1342 2.1364 -0.7328 0.1056 0.6722
-0.5084 4.6825 0.6758 -1.0281 1.3024 -0.8281 0.0417 0.559
-0.746 -0.004 1.1304 -1.0855 2.9748 -0.8376 0.096 0.5378
-0.4799 2.3403 1.0635 -1.1342 2.1364 -0.7328 0.1056 0.6722
-0.2542 4.6825 0.93 -1.1565 1.2981 -0.5222 0.0478 0.8515
-0.5084 4.6825 0.6758 -1.0281 1.3024 -0.8281 0.0417 0.559
-0.4799 2.3403 1.0635 -1.1342 2.1364 -0.7328 0.1056 0.6722
-0.4108 0 1.518 -1.2623 2.9748 -0.5752 0.1211 0.809
-0.2542 4.6825 0.93 -1.1565 1.2981 -0.5222 0.0478 0.8515
-0.4799 2.3403 1.0635 -1.1342 2.1364 -0.7328 0.1056 0.6722
-0.746 -0.004 1.1304 -1.0855 2.9748 -0.8376 0.096 0.5378
-0.4108 0 1.518 -1.2623 2.9748 -0.5752 0.1211 0.809
0.8816 2.3413 0.2785 -0.0518 2.0709 0.965 0.0443 -0.2586
0.6944 4.6825 -0.0187 -0.2569 1.2707 0.7945 0.0681 -0.6035
0.7875 4.6825 0.3285 -0.131 1.2525 0.9971 0.0751 -0.0118
0.8816 2.3413 0.2785 -0.0518 2.0709 0.965 0.0443 -0.2586
0.9552 0 0.152 -0.0002 2.8922 0.8773 0.0361 -0.4786
0.6944 4.6825 -0.0187 -0.2569 1.2707 0.7945 0.0681 -0.6035
0.8816 2.3413 0.2785 -0.0518 2.0709 0.965 0.0443 -0.2586
1.0892 0 0.652 0.1804 2.8728 0.9965 0.0629 -0.0558
0.9552 0 0.152 -0.0002 2.8922 0.8773 0.0361 -0.4786
0.8816 2.3413 0.2785 -0.0518 2.0709 0.965 0.0443 -0.2586
0.7875 4.6825 0.3285 -0.131 1.2525 0.9971 0.0751 -0.0118
1.0892 0 0.652 0.1804 2.8728 0.9965 0.0629 -0.0558
-0.1105 2.3415 -0.2894 -0.5118 2.1146 -0.3714 -0.0123 -0.9284
-0.2542 4.6825 -0.2729 -0.6321 1.2994 -0.5229 0.0375 -0.8516
0.0931 4.6838 -0.3922 -0.5034 1.2929 0.115 0.0529 -0.992
-0.1105 2.3415 -0.2894 -0.5118 2.1146 -0.3714 -0.0123 -0.9284
-0.3702 -0.0005 -0.1446 -0.5439 2.9381 -0.5027 -0.0068 -0.8644
-0.2542 4.6825 -0.2729 -0.6321 1.2994 -0.5229 0.0375 -0.8516
-0.1105 2.3415 -0.2894 -0.5118 2.1146 -0.3714 -0.0123 -0.9284
0.0892 0 -0.348 -0.3674 2.9229 -0.0909 -0.0047 -0.9959
-0.3702 -0.0005 -0.1446 -0.5439 2.9381 -0.5027 -0.0068 -0.8644
-0.1105 2.3415 -0.2894 -0.5118 2.1146 -0.3714 -0.0123 -0.9284
0.0931 4.6838 -0.3922 -0.5034 1.2929 0.115 0.0529 -0.992
0.0892 0 -0.348 -0.3674 2.9229 -0.0909 -0.0047 -0.9959
-0.7186 2.3416 0.6966 -0.9786 2.1353 -0.9108 0.0853 0.404
-0.6629 4.6849 0.3279 -0.8923 1.3046 -0.9988 0.0456 -0.0171
-0.9569 0.0031 0.6525 -0.9045 2.9667 -0.9964 0.0676 0.0509
-0.7186 2.3416 0.6966 -0.9786 2.1353 -0.9108 0.0853 0.404
-0.5084 4.6825 0.6758 -1.0281 1.3024 -0.8281 0.0417 0.559
-0.6629 4.6849 0.3279 -0.8923 1.3046 -0.9988 0.0456 -0.0171
-0.7186 2.3416 0.6966 -0.9786 2.1353 -0.9108 0.0853 0.404
-0.746 -0.004 1.1304 -1.0855 2.9748 -0.8376 0.096 0.5378
-0.5084 4.6825 0.6758 -1.0281 1.3024 -0.8281 0.0417 0.559
-0.7186 2.3416 0.6966 -0.9786 2.1353 -0.9108 0.0853 0.404
-0.9569 0.0031 0.6525 -0.9045 2.9667 -0.9964 0.0676 0.0509
-0.746 -0.004 1.1304 -1.0855 2.9748 -0.8376 0.096 0.5378
0.8973 2.3431 0.7114 -1.7568 2.064 0.98 0.0817 0.1812
0.7875 4.6825 0.3285 -1.6708 1.2425 0.9971 0.0751 -0.0118
0.6944 4.6825 0.6758 -1.5459 1.2631 0.8691 0.077 0.4886
0.8973 2.3431 0.7114 -1.7568 2.064 0.98 0.0817 0.1812
1.0892 0 0.652 -1.9985 2.8571 0.9965 0.0629 -0.0558
0.7875 4.6825 0.3285 -1.6708 1.2425 0.9971 0.0751 -0.0118
0.8973 2.3431 0.7114 -1.7568 2.064 0.98 0.0817 0.1812
1.0181 0.0073 1.1891 -1.8159 2.9035 0.8534 0.1099 0.5096
1.0892 0 0.652 -1.9985 2.8571 0.9965 0.0629 -0.0558
0.8973 2.3431 0.7114 -1.7568 2.064 0.98 0.0817 0.1812
0.6944 4.6825 0.6758 -1.5459 1.2631 0.8691 0.077 0.4886
1.0181 0.0073 1.1891 -1.8159 2.9035 0.8534 0.1099 0.5096
-0.3853 7.3994 0.0998 -0.7255 0.3582 -0.7057 0.0628 -0.7057
-0.4714 10.1163 0.4275 -0.7947 -0.5926 -0.922 0.0277 -0.3862
-0.3071 10.1163 0.2632 -0.7149 -0.5863 -0.4875 0.1117 -0.8659
-0.3853 7.3994 0.0998 -0.7255 0.3582 -0.7057 0.0628 -0.7057
-0.5084 4.6825 -0.0187 -0.7584 1.3034 -0.8196 0.0382 -0.5717
-0.4714 10.1163 0.4275 -0.7947 -0.5926 -0.922 0.0277 -0.3862
-0.3853 7.3994 0.0998 -0.7255 0.3582 -0.7057 0.0628 -0.7057
-0.2542 4.6825 -0.2729 -0.6321 1.2994 -0.5229 0.0375 -0.8516
-0.5084 4.6825 -0.0187 -0.7584 1.3034 -0.8196 0.0382 -0.5717
-0.3853 7.3994 0.0998 -0.7255 0.3582 -0.7057 0.0628 -0.7057
-0.3071 10.1163 0.2632 -0.7149 -0.5863 -0.4875 0.1117 -0.8659
-0.2542 4.6825 -0.2729 -0.6321 1.2994 -0.5229 0.0375 -0.8516
0.1482 7.3997 1.0279 -1.2617 0.3337 0.2851 -0.0027 0.9585
-0.0826 10.1163 1.101 -1.1326 -0.6183 0.1426 0.0051 0.9898
0.0931 4.6836 1.0399 -1.2872 1.2906 0.0043 0.0633 0.998
0.1482 7.3997 1.0279 -1.2617 0.3337 0.2851 -0.0027 0.9585
0.1419 10.1163 1.0408 -1.2126 -0.6213 0.5094 0.0578 0.8586
-0.0826 10.1163 1.101 -1.1326 -0.6183 0.1426 0.0051 0.9898
0.1482 7.3997 1.0279 -1.2617 0.3337 0.2851 -0.0027 0.9585
0.4402 4.6825 0.93 -1.4177 1.279 0.5237 0.0711 0.8489
0.1419 10.1163 1.0408 -1.2126 -0.6213 0.5094 0.0578 0.8586
0.1482 7.3997 1.0279 -1.2617 0.3337 0.2851 -0.0027 0.9585
0.0931 4.6836 1.0399 -1.2872 1.2906 0.0043 0.0633 0.998
0.4402 4.6825 0.93 -1.4177 1.279 0.5237 0.0711 0.8489
-0.3973 7.3984 0.8988 -1.0457 0.3454 -0.7668 -0.0272 0.6413
-0.3418 10.1129 1.1052 -1.0431 -0.6141 -0.4575 -0.0377 0.8884
-0.485 10.1155 0.8843 -0.9523 -0.6081 -0.9685 -0.0405 0.2455
-0.3973 7.3984 0.8988 -1.0457 0.3454 -0.7668 -0.0272 0.6413
-0.2542 4.6825 0.93 -1.1565 1.2981 -0.5222 0.0478 0.8515
-0.3418 10.1129 1.1052 -1.0431 -0.6141 -0.4575 -0.0377 0.8884
-0.3973 7.3984 0.8988 -1.0457 0.3454 -0.7668 -0.0272 0.6413
-0.5084 4.6825 0.6758 -1.0281 1.3024 -0.8281 0.0417 0.559
-0.2542 4.6825 0.93 -1.1565 1.2981 -0.5222 0.0478 0.8515
-0.3973 7.3984 0.8988 -1.0457 0.3454 -0.7668 -0.0272 0.6413
-0.485 10.1155 0.8843 -0.9523 -0.6081 -0.9685 -0.0405 0.2455
-0.5084 4.6825 0.6758 -1.0281 1.3024 -0.8281 0.0417 0.559
0.5235 7.3967 0.3474 -0.3181 0.3198 0.9834 0.09 -0.1577
0.3063 10.1163 0.4275 -0.478 -0.6044 0.8916 0.2035 -0.4045
0.3059 10.1054 0.6522 -0.403 -0.6266 0.9853 0.1711 0.0004
0.5235 7.3967 0.3474 -0.3181 0.3198 0.9834 0.09 -0.1577
0.6944 4.6825 -0.0187 -0.2569 1.2707 0.7945 0.0681 -0.6035
0.3063 10.1163 0.4275 -0.478 -0.6044 0.8916 0.2035 -0.4045
0.5235 7.3967 0.3474 -0.3181 0.3198 0.9834 0.09 -0.1577
0.7875 4.6825 0.3285 -0.131 1.2525 0.9971 0.0751 -0.0118
0.6944 4.6825 -0.0187 -0.2569 1.2707 0.7945 0.0681 -0.6035
0.5235 7.3967 0.3474 -0.3181 0.3198 0.9834 0.09 -0.1577
0.3059 10.1054 0.6522 -0.403 -0.6266 0.9853 0.1711 0.0004
0.7875 4.6825 0.3285 -0.131 1.2525 0.9971 0.0751 -0.0118
-0.1377 7.3998 -0.0497 -0.6217 0.3568 -0.2985 0.0926 -0.9499
-0.3071 10.1163 0.2632 -0.7149 -0.5863 -0.4875 0.1117 -0.8659
-0.0826 10.1163 0.203 -0.635 -0.5848 0.0472 0.1735 -0.9837
-0.1377 7.3998 -0.0497 -0.6217 0.3568 -0.2985 0.0926 -0.9499
-0.2542 4.6825 -0.2729 -0.6321 1.2994 -0.5229 0.0375 -0.8516
-0.3071 10.1163 0.2632 -0.7149 -0.5863 -0.4875 0.1117 -0.8659
-0.1377 7.3998 -0.0497 -0.6217 0.3568 -0.2985 0.0926 -0.9499
0.0931 4.6838 -0.3922 -0.5034 1.2929 0.115 0.0529 -0.992
-0.2542 4.6825 -0.2729 -0.6321 1.2994 -0.5229 0.0375 -0.8516
-0.1377 7.3998 -0.0497 -0.6217 0.3568 -0.2985 0.0926 -0.9499
-0.0826 10.1163 0.203 -0.635 -0.5848 0.0472 0.1735 -0.9837
0.0931 4.6838 -0.3922 -0.5034 1.2929 0.115 0.0529 -0.992
-0.5305 7.4001 0.6354 -0.9364 0.3513 -0.9738 0.0086 0.2274
-0.485 10.1155 0.8843 -0.9523 -0.6081 -0.9685 -0.0405 0.2455
-0.4655 10.1174 0.6537 -0.8725 -0.6005 -0.9993 -0.0235 -0.0277
-0.5305 7.4001 0.6354 -0.9364 0.3513 -0.9738 0.0086 0.2274
-0.5084 4.6825 0.6758 -1.0281 1.3024 -0.8281 0.0417 0.559
-0.485 10.1155 0.8843 -0.9523 -0.6081 -0.9685 -0.0405 0.2455
-0.5305 7.4001 0.6354 -0.9364 0.3513 -0.9738 0.0086 0.2274
-0.6629 4.6849 0.3279 -0.8923 1.3046 -0.9988 0.0456 -0.0171
-0.5084 4.6825 0.6758 -1.0281 1.3024 -0.8281 0.0417 0.559
-0.5305 7.4001 0.6354 -0.9364 0.3513 -0.9738 0.0086 0.2274
-0.4655 10.1174 0.6537 -0.8725 -0.6005 -0.9993 -0.0235 -0.0277
-0.6629 4.6849 0.3279 -0.8923 1.3046 -0.9988 0.0456 -0.0171
0.5235 7.3967 0.6332 -1.4702 0.3106 0.9848 0.0712 0.1584
0.3063 10.1163 0.8765 -1.2929 -0.6268 0.9191 0.1429 0.3671
0.6944 4.6825 0.6758 -1.5459 1.2631 0.8691 0.077 0.4886
0.5235 7.3967 0.6332 -1.4702 0.3106 0.9848 0.0712 0.1584
0.3059 10.1054 0.6522 -1.3707 -0.6369 0.9853 0.1711 0.0004
0.3063 10.1163 0.8765 -1.2929 -0.6268 0.9191 0.1429 0.3671
0.5235 7.3967 0.6332 -1.4702 0.3106 0.9848 0.0712 0.1584
0.7875 4.6825 0.3285 -1.6708 1.2425 0.9971 0.0751 -0.0118
0.3059 10.1054 0.6522 -1.3707 -0.6369 0.9853 0.1711 0.0004
0.5235 7.3967 0.6332 -1.4702 0.3106 0.9848 0.0712 0.1584
0.6944 4.6825 0.6758 -1.5459 1.2631 0.8691 0.077 0.4886
0.7875 4.6825 0.3285 -1.6708 1.2425 0.9971 0.0751 -0.0118
0.1351 7.3977 -0.0279 -0.5182 0.35 0.4558 0.1056 -0.8838
-0.0826 10.1163 0.203 -0.635 -0.5848 0.0472 0.1735 -0.9837
0.1333 10.1129 0.2775 -0.5561 -0.5903 0.4941 0.1982 -0.8465
0.1351 7.3977 -0.0279 -0.5182 0.35 0.4558 0.1056 -0.8838
0.0931 4.6838 -0.3922 -0.5034 1.2929 0.115 0.0529 -0.992
-0.0826 10.1163 0.203 -0.635 -0.5848 0.0472 0.1735 -0.9837
0.1351 7.3977 -0.0279 -0.5182 0.35 0.4558 0.1056 -0.8838
0.3967 4.6776 -0.1999 -0.3781 1.2838 0.5262 0.0577 -0.8484
0.0931 4.6838 -0.3922 -0.5034 1.2929 0.115 0.0529 -0.992
0.1351 7.3977 -0.0279 -0.5182 0.35 0.4558 0.1056 -0.8838
0.1333 10.1129 0.2775 -0.5561 -0.5903 0.4941 0.1982 -0.8465
0.3967 4.6776 -0.1999 -0.3781 1.2838 0.5262 0.0577 -0.8484
-0.5271 7.4003 0.3476 -0.8295 0.3556 -0.9672 0.0387 -0.2512
-0.4655 10.1174 0.6537 -0.8725 -0.6005 -0.9993 -0.0235 -0.0277
-0.4714 10.1163 0.4275 -0.7947 -0.5926 -0.922 0.0277 -0.3862
-0.5271 7.4003 0.3476 -0.8295 0.3556 -0.9672 0.0387 -0.2512
-0.6629 4.6849 0.3279 -0.8923 1.3046 -0.9988 0.0456 -0.0171
-0.4655 10.1174 0.6537 -0.8725 -0.6005 -0.9993 -0.0235 -0.0277
-0.5271 7.4003 0.3476 -0.8295 0.3556 -0.9672 0.0387 -0.2512
-0.5084 4.6825 -0.0187 -0.7584 1.3034 -0.8196 0.0382 -0.5717
-0.6629 4.6849 0.3279 -0.8923 1.3046 -0.9988 0.0456 -0.0171
-0.5271 7.4003 0.3476 -0.8295 0.3556 -0.9672 0.0387 -0.2512
-0.4714 10.1163 0.4275 -0.7947 -0.5926 -0.922 0.0277 -0.3862
-0.5084 4.6825 -0.0187 -0.7584 1.3034 -0.8196 0.0382 -0.5717
0.3957 7.3994 0.8808 -1.3666 0.3247 0.7069 0.0244 0.7069
0.1419 10.1163 1.0408 -1.2126 -0.6213 0.5094 0.0578 0.8586
0.4402 4.6825 0.93 -1.4177 1.279 0.5237 0.0711 0.8489
0.3957 7.3994 0.8808 -1.3666 0.3247 0.7069 0.0244 0.7069
0.3063 10.1163 0.8765 -1.2929 -0.6268 0.9191 0.1429 0.3671
0.1419 10.1163 1.0408 -1.2126 -0.6213 0.5094 0.0578 0.8586
0.3957 7.3994 0.8808 -1.3666 0.3247 0.7069 0.0244 0.7069
0.6944 4.6825 0.6758 -1.5459 1.2631 0.8691 0.077 0.4886
0.3063 10.1163 0.8765 -1.2929 -0.6268 0.9191 0.1429 0.3671
0.3957 7.3994 0.8808 -1.3666 0.3247 0.7069 0.0244 0.7069
0.4402 4.6825 0.93 -1.4177 1.279 0.5237 0.0711 0.8489
0.6944 4.6825 0.6758 -1.5459 1.2631 0.8691 0.077 0.4886
-0.1464 7.3988 1.044 -1.1555 0.3388 -0.1714 -0.0256 0.9849
-0.0826 10.1163 1.101 -1.1326 -0.6183 0.1426 0.0051 0.9898
-0.3418 10.1129 1.1052 -1.0431 -0.6141 -0.4575 -0.0377 0.8884
-0.1464 7.3988 1.044 -1.1555 0.3388 -0.1714 -0.0256 0.9849
0.0931 4.6836 1.0399 -1.2872 1.2906 0.0043 0.0633 0.998
-0.0826 10.1163 1.101 -1.1326 -0.6183 0.1426 0.0051 0.9898
-0.1464 7.3988 1.044 -1.1555 0.3388 -0.1714 -0.0256 0.9849
-0.2542 4.6825 0.93 -1.1565 1.2981 -0.5222 0.0478 0.8515
0.0931 4.6836 1.0399 -1.2872 1.2906 0.0043 0.0633 0.998
-0.1464 7.3988 1.044 -1.1555 0.3388 -0.1714 -0.0256 0.9849
-0.3418 10.1129 1.1052 -1.0431 -0.6141 -0.4575 -0.0377 0.8884
-0.2542 4.6825 0.93 -1.1565 1.2981 -0.5222 0.0478 0.8515
0.3827 7.3973 0.1216 -0.4176 0.3389 0.5713 0.1034 -0.8142
0.1333 10.1129 0.2775 -0.5561 -0.5903 0.4941 0.1982 -0.8465
0.3063 10.1163 0.4275 -0.478 -0.6044 0.8916 0.2035 -0.4045
0.3827 7.3973 0.1216 -0.4176 0.3389 0.5713 0.1034 -0.8142
0.3967 4.6776 -0.1999 -0.3781 1.2838 0.5262 0.0577 -0.8484
0.1333 10.1129 0.2775 -0.5561 -0.5903 0.4941 0.1982 -0.8465
0.3827 7.3973 0.1216 -0.4176 0.3389 0.5713 0.1034 -0.8142
0.6944 4.6825 -0.0187 -0.2569 1.2707 0.7945 0.0681 -0.6035
0.3967 4.6776 -0.1999 -0.3781 1.2838 0.5262 0.0577 -0.8484
0.3827 7.3973 0.1216 -0.4176 0.3389 0.5713 0.1034 -0.8142
0.3063 10.1163 0.4275 -0.478 -0.6044 0.8916 0.2035 -0.4045
0.6944 4.6825 -0.0187 -0.2569 1.2707 0.7945 0.0681 -0.6035
-0.5057 11.3732 0.6016 -0.7952 -1.0351 -0.7049 0.0784 -0.7049
-0.7387 13.8868 1.114 -0.876 -1.9264 -0.1661 0.9794 0.1146
-0.3071 10.1163 0.2632 -0.7149 -0.5863 -0.4875 0.1117 -0.8659
-0.5057 11.3732 0.6016 -0.7952 -1.0351 -0.7049 0.0784 -0.7049
-0.4714 10.1163 0.4275 -0.7947 -0.5926 -0.922 0.0277 -0.3862
-0.7387 13.8868 1.114 -0.876 -1.9264 -0.1661 0.9794 0.1146
-0.5057 11.3732 0.6016 -0.7952 -1.0351 -0.7049 0.0784 -0.7049
-0.3071 10.1163 0.2632 -0.7149 -0.5863 -0.4875 0.1117 -0.8659
-0.4714 10.1163 0.4275 -0.7947 -0.5926 -0.922 0.0277 -0.3862
-0.2264 11.3732 1.0853 -1.0737 -1.0553 0.2586 0.0417 0.9651
-0.7387 13.8868 1.114 -0.876 -1.9264 -0.1661 0.9794 0.1146
-0.0826 10.1163 1.101 -1.1326 -0.6183 0.1426 0.0051 0.9898
-0.2264 11.3732 1.0853 -1.0737 -1.0553 0.2586 0.0417 0.9651
0.1419 10.1163 1.0408 -1.2126 -0.6213 0.5094 0.0578 0.8586
-0.7387 13.8868 1.114 -0.876 -1.9264 -0.1661 0.9794 0.1146
-0.2264 11.3732 1.0853 -1.0737 -1.0553 0.2586 0.0417 0.9651
-0.0826 10.1163 1.101 -1.1326 -0.6183 0.1426 0.0051 0.9898
0.1419 10.1163 1.0408 -1.2126 -0.6213 0.5094 0.0578 0.8586
-0.5218 11.3717 1.0345 -0.9571 -1.0495 -0.8362 -0.0892 0.5411
-0.7387 13.8868 1.114 -0.876 -1.9264 -0.1661 0.9794 0.1146
-0.485 10.1155 0.8843 -0.9523 -0.6081 -0.9685 -0.0405 0.2455
-0.5218 11.3717 1.0345 -0.9571 -1.0495 -0.8362 -0.0892 0.5411
-0.3418 10.1129 1.1052 -1.0431 -0.6141 -0.4575 -0.0377 0.8884
-0.7387 13.8868 1.114 -0.876 -1.9264 -0.1661 0.9794 0.1146
-0.5218 11.3717 1.0345 -0.9571 -1.0495 -0.8362 -0.0892 0.5411
-0.485 10.1155 0.8843 -0.9523 -0.6081 -0.9685 -0.0405 0.2455
-0.3418 10.1129 1.1052 -1.0431 -0.6141 -0.4575 -0.0377 0.8884
-0.0422 11.3695 0.7312 -0.5857 -1.0524 0.9642 0.2646 0.0143
-0.7387 13.8868 1.114 -0.876 -1.9264 -0.1661 0.9794 0.1146
0.3059 10.1054 0.6522 -0.403 -0.6266 0.9853 0.1711 0.0004
-0.0422 11.3695 0.7312 -0.5857 -1.0524 0.9642 0.2646 0.0143
0.3063 10.1163 0.4275 -0.478 -0.6044 0.8916 0.2035 -0.4045
-0.7387 13.8868 1.114 -0.876 -1.9264 -0.1661 0.9794 0.1146
-0.0422 11.3695 0.7312 -0.5857 -1.0524 0.9642 0.2646 0.0143
0.3059 10.1054 0.6522 -0.403 -0.6266 0.9853 0.1711 0.0004
0.3063 10.1163 0.4275 -0.478 -0.6044 0.8916 0.2035 -0.4045
-0.3761 11.3732 0.5267 -0.7419 -1.0325 -0.2543 0.1851 -0.9492
-0.7387 13.8868 1.114 -0.876 -1.9264 -0.1661 0.9794 0.1146
-0.0826 10.1163 0.203 -0.635 -0.5848 0.0472 0.1735 -0.9837
-0.3761 11.3732 0.5267 -0.7419 -1.0325 -0.2543 0.1851 -0.9492
-0.3071 10.1163 0.2632 -0.7149 -0.5863 -0.4875 0.1117 -0.8659
-0.7387 13.8868 1.114 -0.876 -1.9264 -0.1661 0.9794 0.1146
-0.3761 11.3732 0.5267 -0.7419 -1.0325 -0.2543 0.1851 -0.9492
-0.0826 10.1163 0.203 -0.635 -0.5848 0.0472 0.1735 -0.9837
-0.3071 10.1163 0.2632 -0.7149 -0.5863 -0.4875 0.1117 -0.8659
-0.5631 11.3732 0.884 -0.9003 -1.045 -0.9945 -0.0618 -0.0844
-0.7387 13.8868 1.114 -0.876 -1.9264 -0.1661 0.9794 0.1146
-0.4655 10.1174 0.6537 -0.8725 -0.6005 -0.9993 -0.0235 -0.0277
-0.5631 11.3732 0.884 -0.9003 -1.045 -0.9945 -0.0618 -0.0844
-0.485 10.1155 0.8843 -0.9523 -0.6081 -0.9685 -0.0405 0.2455
-0.7387 13.8868 1.114 -0.876 -1.9264 -0.1661 0.9794 0.1146
-0.5631 11.3732 0.884 -0.9003 -1.045 -0.9945 -0.0618 -0.0844
-0.4655 10.1174 0.6537 -0.8725 -0.6005 -0.9993 -0.0235 -0.0277
-0.485 10.1155 0.8843 -0.9523 -0.6081 -0.9685 -0.0405 0.2455
-0.0422 11.3695 0.8809 -1.1799 -1.0633 0.9633 0.2679 -0.0145
-0.7387 13.8868 1.114 -0.876 -1.9264 -0.1661 0.9794 0.1146
0.3063 10.1163 0.8765 -1.2929 -0.6268 0.9191 0.1429 0.3671
-0.0422 11.3695 0.8809 -1.1799 -1.0633 0.9633 0.2679 -0.0145
0.3059 10.1054 0.6522 -1.3707 -0.6369 0.9853 0.1711 0.0004
-0.7387 13.8868 1.114 -0.876 -1.9264 -0.1661 0.9794 0.1146
-0.0422 11.3695 0.8809 -1.1799 -1.0633 0.9633 0.2679 -0.0145
0.3063 10.1163 0.8765 -1.2929 -0.6268 0.9191 0.1429 0.3671
0.3059 10.1054 0.6522 -1.3707 -0.6369 0.9853 0.1711 0.0004
-0.2293 11.372 0.5315 -0.689 -1.0338 0.3174 0.2746 -0.9077
-0.7387 13.8868 1.114 -0.876 -1.9264 -0.1661 0.9794 0.1146
0.1333 10.1129 0.2775 -0.5561 -0.5903 0.4941 0.1982 -0.8465
-0.2293 11.372 0.5315 -0.689 -1.0338 0.3174 0.2746 -0.9077
-0.0826 10.1163 0.203 -0.635 -0.5848 0.0472 0.1735 -0.9837
-0.7387 13.8868 1.114 -0.876 -1.9264 -0.1661 0.9794 0.1146
-0.2293 11.372 0.5315 -0.689 -1.0338 0.3174 0.2746 -0.9077
0.1333 10.1129 0.2775 -0.5561 -0.5903 0.4941 0.1982 -0.8465
-0.0826 10.1163 0.203 -0.635 -0.5848 0.0472 0.1735 -0.9837
-0.5585 11.3735 0.7317 -0.8477 -1.0398 -0.9968 -0.0754 0.0263
-0.7387 13.8868 1.114 -0.876 -1.9264 -0.1661 0.9794 0.1146
-0.4714 10.1163 0.4275 -0.7947 -0.5926 -0.922 0.0277 -0.3862
-0.5585 11.3735 0.7317 -0.8477 -1.0398 -0.9968 -0.0754 0.0263
-0.4655 10.1174 0.6537 -0.8725 -0.6005 -0.9993 -0.0235 -0.0277
-0.7387 13.8868 1.114 -0.876 -1.9264 -0.1661 0.9794 0.1146
-0.5585 11.3735 0.7317 -0.8477 -1.0398 -0.9968 -0.0754 0.0263
-0.4714 10.1163 0.4275 -0.7947 -0.5926 -0.922 0.0277 -0.3862
-0.4655 10.1174 0.6537 -0.8725 -0.6005 -0.9993 -0.0235 -0.0277
-0.0968 11.3732 1.0104 -1.1272 -1.0582 0.6991 0.1497 0.6991
-0.7387 13.8868 1.114 -0.876 -1.9264 -0.1661 0.9794 0.1146
0.1419 10.1163 1.0408 -1.2126 -0.6213 0.5094 0.0578 0.8586
-0.0968 11.3732 1.0104 -1.1272 -1.0582 0.6991 0.1497 0.6991
0.3063 10.1163 0.8765 -1.2929 -0.6268 0.9191 0.1429 0.3671
-0.7387 13.8868 1.114 -0.876 -1.9264 -0.1661 0.9794 0.1146
-0.0968 11.3732 1.0104 -1.1272 -1.0582 0.6991 0.1497 0.6991
0.1419 10.1163 1.0408 -1.2126 -0.6213 0.5094 0.0578 0.8586
0.3063 10.1163 0.8765 -1.2929 -0.6268 0.9191 0.1429 0.3671
-0.3877 11.372 1.1068 -1.0172 -1.0529 0.0165 -0.0006 0.9999
-0.7387 13.8868 1.114 -0.876 -1.9264 -0.1661 0.9794 0.1146
-0.3418 10.1129 1.1052 -1.0431 -0.6141 -0.4575 -0.0377 0.8884
-0.3877 11.372 1.1068 -1.0172 -1.0529 0.0165 -0.0006 0.9999
-0.0826 10.1163 1.101 -1.1326 -0.6183 0.1426 0.0051 0.9898
-0.7387 13.8868 1.114 -0.876 -1.9264 -0.1661 0.9794 0.1146
-0.3877 11.372 1.1068 -1.0172 -1.0529 0.0165 -0.0006 0.9999
-0.3418 10.1129 1.1052 -1.0431 -0.6141 -0.4575 -0.0377 0.8884
-0.0826 10.1163 1.101 -1.1326 -0.6183 0.1426 0.0051 0.9898
-0.0997 11.372 0.6063 -0.6367 -1.0404 0.6209 0.3037 -0.7227
-0.7387 13.8868 1.114 -0.876 -1.9264 -0.1661 0.9794 0.1146
0.3063 10.1163 0.4275 -0.478 -0.6044 0.8916 0.2035 -0.4045
-0.0997 11.372 0.6063 -0.6367 -1.0404 0.6209 0.3037 -0.7227
0.1333 10.1129 0.2775 -0.5561 -0.5903 0.4941 0.1982 -0.8465
-0.7387 13.8868 1.114 -0.876 -1.9264 -0.1661 0.9794 0.1146
-0.0997 11.372 0.6063 -0.6367 -1.0404 0.6209 0.3037 -0.7227
0.3063 10.1163 0.4275 -0.478 -0.6044 0.8916 0.2035 -0.4045
0.1333 10.1129 0.2775 -0.5561 -0.5903 0.4941 0.1982 -0.8465
1.7416 4.4017 0.3826 0.6373 0.00739998 0.4241 -0.7804 -0.4594
0.474 3.9667 -0.0212 0.1834 -0.1349 0.3631 -0.5536 -0.7495
2.928 5.0226 0.396 1.0868 -0.0207 0.5565 -0.5677 -0.6067
1.7416 4.4017 0.3826 0.6373 0.00739998 0.4241 -0.7804 -0.4594
0.5675 3.7177 0.433 0.1834 0.0689 0.4347 -0.8992 -0.0502
0.474 3.9667 -0.0212 0.1834 -0.1349 0.3631 -0.5536 -0.7495
1.7416 4.4017 0.3826 0.6373 0.00739998 0.4241 -0.7804 -0.4594
2.9968 4.9 0.7228 1.0787 0.0875 0.6562 -0.7546 0.0049
0.5675 3.7177 0.433 0.1834 0.0689 0.4347 -0.8992 -0.0502
1.7416 4.4017 0.3826 0.6373 0.00739998 0.4241 -0.7804 -0.4594
2.928 5.0226 0.396 1.0868 -0.0207 0.5565 -0.5677 -0.6067
2.9968 4.9 0.7228 1.0787 0.0875 0.6562 -0.7546 0.0049
1.4805 5.0474 0.0888 0.7041 -0.3 -0.0168 0.4601 -0.8877
0.1931 4.8422 -0.009 0.2696 -0.4985 -0.1124 0.695 -0.7102
2.6121 5.6239 0.382 1.1768 -0.2662 -0.2798 0.7075 -0.649
1.4805 5.0474 0.0888 0.7041 -0.3 -0.0168 0.4601 -0.8877
0.331 4.4064 -0.2055 0.2141 -0.3195 0.151 0.0504 -0.9873
0.1931 4.8422 -0.009 0.2696 -0.4985 -0.1124 0.695 -0.7102
1.4805 5.0474 0.0888 0.7041 -0.3 -0.0168 0.4601 -0.8877
2.7859 5.317 0.1877 1.1208 -0.1403 0.2218 0.0017 -0.9751
0.331 4.4064 -0.2055 0.2141 -0.3195 0.151 0.0504 -0.9873
1.4805 5.0474 0.0888 0.7041 -0.3 -0.0168 0.4601 -0.8877
2.6121 5.6239 0.382 1.1768 -0.2662 -0.2798 0.7075 -0.649
2.7859 5.317 0.1877 1.1208 -0.1403 0.2218 0.0017 -0.9751
1.3876 5.2845 0.78 0.7585 0.5851 -0.3052 0.8406 0.4476
2.6295 5.5985 1.0621 1.1672 0.4131 -0.2857 0.6316 0.7207
2.5608 5.7211 0.7352 1.2182 0.5331 -0.4396 0.895 0.0753
1.3876 5.2845 0.78 0.7585 0.5851 -0.3052 0.8406 0.4476
0.2191 4.7993 0.8694 0.291 0.6154 -0.258 0.5867 0.7676
2.6295 5.5985 1.0621 1.1672 0.4131 -0.2857 0.6316 0.7207
1.3876 5.2845 0.78 0.7585 0.5851 -0.3052 0.8406 0.4476
0.1411 5.0191 0.4533 0.3177 0.7896 -0.2884 0.957 0.0307
0.2191 4.7993 0.8694 0.291 0.6154 -0.258 0.5867 0.7676
1.3876 5.2845 0.78 0.7585 0.5851 -0.3052 0.8406 0.4476
2.5608 5.7211 0.7352 1.2182 0.5331 -0.4396 0.895 0.0753
0.1411 5.0191 0.4533 0.3177 0.7896 -0.2884 0.957 0.0307
1.7471 4.3983 0.7768 0.6429 0.1653 0.3428 -0.8326 0.435
0.5675 3.7177 0.433 0.1834 0.0689 0.4347 -0.8992 -0.0502
2.9968 4.9 0.7228 1.0787 0.0875 0.6562 -0.7546 0.0049
1.7471 4.3983 0.7768 0.6429 0.1653 0.3428 -0.8326 0.435
0.4863 3.9578 0.8982 0.2157 0.277 0.2027 -0.5958 0.7771
0.5675 3.7177 0.433 0.1834 0.0689 0.4347 -0.8992 -0.0502
1.7471 4.3983 0.7768 0.6429 0.1653 0.3428 -0.8326 0.435
2.9378 5.0178 1.0534 1.092 0.1928 0.5131 -0.5687 0.6429
0.4863 3.9578 0.8982 0.2157 0.277 0.2027 -0.5958 0.7771
1.7471 4.3983 0.7768 0.6429 0.1653 0.3428 -0.8326 0.435
2.9968 4.9 0.7228 1.0787 0.0875 0.6562 -0.7546 0.0049
2.9378 5.0178 1.0534 1.092 0.1928 0.5131 -0.5687 0.6429
1.6298 4.6782 0.0892 0.6586 -0.1474 0.2908 -0.361 -0.8861
0.331 4.4064 -0.2055 0.2141 -0.3195 0.151 0.0504 -0.9873
2.7859 5.317 0.1877 1.1208 -0.1403 0.2218 0.0017 -0.9751
1.6298 4.6782 0.0892 0.6586 -0.1474 0.2908 -0.361 -0.8861
0.474 3.9667 -0.0212 0.1834 -0.1349 0.3631 -0.5536 -0.7495
0.331 4.4064 -0.2055 0.2141 -0.3195 0.151 0.0504 -0.9873
1.6298 4.6782 0.0892 0.6586 -0.1474 0.2908 -0.361 -0.8861
2.928 5.0226 0.396 1.0868 -0.0207 0.5565 -0.5677 -0.6067
0.474 3.9667 -0.0212 0.1834 -0.1349 0.3631 -0.5536 -0.7495
1.6298 4.6782 0.0892 0.6586 -0.1474 0.2908 -0.361 -0.8861
2.7859 5.317 0.1877 1.1208 -0.1403 0.2218 0.0017 -0.9751
2.928 5.0226 0.396 1.0868 -0.0207 0.5565 -0.5677 -0.6067
1.3768 5.3016 0.3904 0.7519 -0.4554 -0.233 0.9125 -0.3362
2.5608 5.7211 0.7352 1.2416 -0.3884 -0.4396 0.895 0.0753
2.6121 5.6239 0.382 1.1768 -0.2662 -0.2798 0.7075 -0.649
1.3768 5.3016 0.3904 0.7519 -0.4554 -0.233 0.9125 -0.3362
0.1411 5.0191 0.4533 0.3394 -0.6645 -0.2884 0.957 0.0307
2.5608 5.7211 0.7352 1.2416 -0.3884 -0.4396 0.895 0.0753
1.3768 5.3016 0.3904 0.7519 -0.4554 -0.233 0.9125 -0.3362
0.1931 4.8422 -0.009 0.2696 -0.4985 -0.1124 0.695 -0.7102
0.1411 5.0191 0.4533 0.3394 -0.6645 -0.2884 0.957 0.0307
1.3768 5.3016 0.3904 0.7519 -0.4554 -0.233 0.9125 -0.3362
2.6121 5.6239 0.382 1.1768 -0.2662 -0.2798 0.7075 -0.649
0.1931 4.8422 -0.009 0.2696 -0.4985 -0.1124 0.695 -0.7102
1.4957 5.0238 1.0407 0.719 0.4398 -0.1937 0.318 0.9281
2.7907 5.3074 1.2324 1.1232 0.2997 0.1464 -0.0065 0.9892
2.6295 5.5985 1.0621 1.1672 0.4131 -0.2857 0.6316 0.7207
1.4957 5.0238 1.0407 0.719 0.4398 -0.1937 0.318 0.9281
0.3434 4.39 0.9986 0.2545 0.455 -0.08 0.0033 0.9968
2.7907 5.3074 1.2324 1.1232 0.2997 0.1464 -0.0065 0.9892
1.4957 5.0238 1.0407 0.719 0.4398 -0.1937 0.318 0.9281
0.2191 4.7993 0.8694 0.291 0.6154 -0.258 0.5867 0.7676
0.3434 4.39 0.9986 0.2545 0.455 -0.08 0.0033 0.9968
1.4957 5.0238 1.0407 0.719 0.4398 -0.1937 0.318 0.9281
2.6295 5.5985 1.0621 1.1672 0.4131 -0.2857 0.6316 0.7207
0.2191 4.7993 0.8694 0.291 0.6154 -0.258 0.5867 0.7676
1.6396 4.6683 1.0456 0.6677 0.3151 0.062 -0.3387 0.9388
0.4863 3.9578 0.8982 0.2157 0.277 0.2027 -0.5958 0.7771
2.9378 5.0178 1.0534 1.092 0.1928 0.5131 -0.5687 0.6429
1.6396 4.6683 1.0456 0.6677 0.3151 0.062 -0.3387 0.9388
0.3434 4.39 0.9986 0.2545 0.455 -0.08 0.0033 0.9968
0.4863 3.9578 0.8982 0.2157 0.277 0.2027 -0.5958 0.7771
1.6396 4.6683 1.0456 0.6677 0.3151 0.062 -0.3387 0.9388
2.7907 5.3074 1.2324 1.1232 0.2997 0.1464 -0.0065 0.9892
0.3434 4.39 0.9986 0.2545 0.455 -0.08 0.0033 0.9968
1.6396 4.6683 1.0456 0.6677 0.3151 0.062 -0.3387 0.9388
2.9378 5.0178 1.0534 1.092 0.1928 0.5131 -0.5687 0.6429
2.7907 5.3074 1.2324 1.1232 0.2997 0.1464 -0.0065 0.9892
3.3825 5.6101 0.5716 1.3481 0.052 0.7879 -0.5035 -0.3545
2.9968 4.9 0.7228 1.0787 0.0875 0.6562 -0.7546 0.0049
2.928 5.0226 0.396 1.0868 -0.0207 0.5565 -0.5677 -0.6067
3.3825 5.6101 0.5716 1.3481 0.052 0.7879 -0.5035 -0.3545
4.2228 6.9078 0.5959 1.879 0.0891 0.6806 0.7308 -0.0527
2.9968 4.9 0.7228 1.0787 0.0875 0.6562 -0.7546 0.0049
3.3825 5.6101 0.5716 1.3481 0.052 0.7879 -0.5035 -0.3545
2.928 5.0226 0.396 1.0868 -0.0207 0.5565 -0.5677 -0.6067
4.2228 6.9078 0.5959 1.879 0.0891 0.6806 0.7308 -0.0527
3.2069 5.9496 0.3885 1.3922 -0.1058 -0.2244 0.4274 -0.8757
2.7859 5.317 0.1877 1.1208 -0.1403 0.2218 0.0017 -0.9751
2.6121 5.6239 0.382 1.1768 -0.2662 -0.2798 0.7075 -0.649
3.2069 5.9496 0.3885 1.3922 -0.1058 -0.2244 0.4274 -0.8757
4.2228 6.9078 0.5959 1.879 0.0891 0.6806 0.7308 -0.0527
2.7859 5.317 0.1877 1.1208 -0.1403 0.2218 0.0017 -0.9751
3.2069 5.9496 0.3885 1.3922 -0.1058 -0.2244 0.4274 -0.8757
2.6121 5.6239 0.382 1.1768 -0.2662 -0.2798 0.7075 -0.649
4.2228 6.9078 0.5959 1.879 0.0891 0.6806 0.7308 -0.0527
3.1377 6.0758 0.7977 1.4215 0.3451 -0.512 0.7633 0.394
2.5608 5.7211 0.7352 1.2182 0.5331 -0.4396 0.895 0.0753
2.6295 5.5985 1.0621 1.1672 0.4131 -0.2857 0.6316 0.7207
3.1377 6.0758 0.7977 1.4215 0.3451 -0.512 0.7633 0.394
4.2228 6.9078 0.5959 1.879 0.0891 0.6806 0.7308 -0.0527
2.5608 5.7211 0.7352 1.2182 0.5331 -0.4396 0.895 0.0753
3.1377 6.0758 0.7977 1.4215 0.3451 -0.512 0.7633 0.394
2.6295 5.5985 1.0621 1.1672 0.4131 -0.2857 0.6316 0.7207
4.2228 6.9078 0.5959 1.879 0.0891 0.6806 0.7308 -0.0527
3.3858 5.6085 0.7907 1.3499 0.1231 0.8182 -0.4796 0.317
2.9378 5.0178 1.0534 1.092 0.1928 0.5131 -0.5687 0.6429
2.9968 4.9 0.7228 1.0787 0.0875 0.6562 -0.7546 0.0049
3.3858 5.6085 0.7907 1.3499 0.1231 0.8182 -0.4796 0.317
4.2228 6.9078 0.5959 1.879 0.0891 0.6806 0.7308 -0.0527
2.9378 5.0178 1.0534 1.092 0.1928 0.5131 -0.5687 0.6429
3.3858 5.6085 0.7907 1.3499 0.1231 0.8182 -0.4796 0.317
2.9968 4.9 0.7228 1.0787 0.0875 0.6562 -0.7546 0.0049
4.2228 6.9078 0.5959 1.879 0.0891 0.6806 0.7308 -0.0527
3.3123 5.7492 0.3932 1.3622 -0.024 0.5462 -0.2918 -0.7852
2.928 5.0226 0.396 1.0868 -0.0207 0.5565 -0.5677 -0.6067
2.7859 5.317 0.1877 1.1208 -0.1403 0.2218 0.0017 -0.9751
3.3123 5.7492 0.3932 1.3622 -0.024 0.5462 -0.2918 -0.7852
4.2228 6.9078 0.5959 1.879 0.0891 0.6806 0.7308 -0.0527
2.928 5.0226 0.396 1.0868 -0.0207 0.5565 -0.5677 -0.6067
3.3123 5.7492 0.3932 1.3622 -0.024 0.5462 -0.2918 -0.7852
2.7859 5.317 0.1877 1.1208 -0.1403 0.2218 0.0017 -0.9751
4.2228 6.9078 0.5959 1.879 0.0891 0.6806 0.7308 -0.0527
3.1319 6.0843 0.571 1.4325 -0.1885 -0.5716 0.7661 -0.2939
2.6121 5.6239 0.382 1.1768 -0.2662 -0.2798 0.7075 -0.649
2.5608 5.7211 0.7352 1.2416 -0.3884 -0.4396 0.895 0.0753
3.1319 6.0843 0.571 1.4325 -0.1885 -0.5716 0.7661 -0.2939
4.2228 6.9078 0.5959 1.879 0.0891 0.6806 0.7308 -0.0527
2.6121 5.6239 0.382 1.1768 -0.2662 -0.2798 0.7075 -0.649
3.1319 6.0843 0.571 1.4325 -0.1885 -0.5716 0.7661 -0.2939
2.5608 5.7211 0.7352 1.2416 -0.3884 -0.4396 0.895 0.0753
4.2228 6.9078 0.5959 1.879 0.0891 0.6806 0.7308 -0.0527
3.2143 5.9379 0.9635 1.3898 0.2673 -0.1143 0.4538 0.8837
2.6295 5.5985 1.0621 1.1672 0.4131 -0.2857 0.6316 0.7207
2.7907 5.3074 1.2324 1.1232 0.2997 0.1464 -0.0065 0.9892
3.2143 5.9379 0.9635 1.3898 0.2673 -0.1143 0.4538 0.8837
4.2228 6.9078 0.5959 1.879 0.0891 0.6806 0.7308 -0.0527
2.6295 5.5985 1.0621 1.1672 0.4131 -0.2857 0.6316 0.7207
3.2143 5.9379 0.9635 1.3898 0.2673 -0.1143 0.4538 0.8837
2.7907 5.3074 1.2324 1.1232 0.2997 0.1464 -0.0065 0.9892
4.2228 6.9078 0.5959 1.879 0.0891 0.6806 0.7308 -0.0527
3.3171 5.7444 0.9606 1.3647 0.1939 0.575 -0.1989 0.7936
2.7907 5.3074 1.2324 1.1232 0.2997 0.1464 -0.0065 0.9892
2.9378 5.0178 1.0534 1.092 0.1928 0.5131 -0.5687 0.6429
3.3171 5.7444 0.9606 1.3647 0.1939 0.575 -0.1989 0.7936
4.2228 6.9078 0.5959 1.879 0.0891 0.6806 0.7308 -0.0527
2.7907 5.3074 1.2324 1.1232 0.2997 0.1464 -0.0065 0.9892
3.3171 5.7444 0.9606 1.3647 0.1939 0.575 -0.1989 0.7936
2.9378 5.0178 1.0534 1.092 0.1928 0.5131 -0.5687 0.6429
4.2228 6.9078 0.5959 1.879 0.0891 0.6806 0.7308 -0.0527
-0.3032 7.0018 1.6116 1.8677 2.5327 0.5519 -0.4516 0.701
-0.7398 7.733 2.4486 1.9309 2.1261 0.7099 0.0066 0.7043
-0.9388 7.5299 2.4303 2.0112 2.1697 0.1835 -0.5138 0.8381
-0.3032 7.0018 1.6116 1.8677 2.5327 0.5519 -0.4516 0.701
0.3489 6.517 0.7638 1.7075 2.893 0.8252 -0.0217 0.5644
-0.7398 7.733 2.4486 1.9309 2.1261 0.7099 0.0066 0.7043
-0.3032 7.0018 1.6116 1.8677 2.5327 0.5519 -0.4516 0.701
0.117 6.2273 0.8038 1.841 2.9358 0.3512 -0.6123 0.7084
0.3489 6.517 0.7638 1.7075 2.893 0.8252 -0.0217 0.5644
-0.3032 7.0018 1.6116 1.8677 2.5327 0.5519 -0.4516 0.701
-0.9388 7.5299 2.4303 2.0112 2.1697 0.1835 -0.5138 0.8381
0.117 6.2273 0.8038 1.841 2.9358 0.3512 -0.6123 0.7084
-0.7749 6.8326 1.4373 2.0887 2.5818 -0.6678 -0.7246 0.1702
-1.3495 7.5193 2.2081 2.171 2.1879 -0.7863 -0.5617 0.2575
-0.386 6.2725 0.4774 2.1029 2.9748 -0.7974 -0.6034 -0.003
-0.7749 6.8326 1.4373 2.0887 2.5818 -0.6678 -0.7246 0.1702
-1.1646 7.4339 2.3663 2.0891 2.1903 -0.3356 -0.6707 0.6614
-1.3495 7.5193 2.2081 2.171 2.1879 -0.7863 -0.5617 0.2575
-0.7749 6.8326 1.4373 2.0887 2.5818 -0.6678 -0.7246 0.1702
-0.1996 6.1046 0.6975 1.9754 2.9632 -0.3699 -0.8218 0.4333
-1.1646 7.4339 2.3663 2.0891 2.1903 -0.3356 -0.6707 0.6614
-0.7749 6.8326 1.4373 2.0887 2.5818 -0.6678 -0.7246 0.1702
-0.386 6.2725 0.4774 2.1029 2.9748 -0.7974 -0.6034 -0.003
-0.1996 6.1046 0.6975 1.9754 2.9632 -0.3699 -0.8218 0.4333
-0.6313 7.3993 1.1789 2.4161 2.5455 -0.1588 0.7986 -0.5805
-1.2044 7.8931 2.0759 2.3706 2.14 -0.2935 0.5961 -0.7474
-1.0122 8.0292 2.0892 2.4543 2.1209 0.1425 0.765 -0.6281
-0.6313 7.3993 1.1789 2.4161 2.5455 -0.1588 0.7986 -0.5805
-0.3062 6.8032 0.209 2.3581 2.9729 -0.4015 0.6708 -0.6235
-1.2044 7.8931 2.0759 2.3706 2.14 -0.2935 0.5961 -0.7474
-0.6313 7.3993 1.1789 2.4161 2.5455 -0.1588 0.7986 -0.5805
-0.0022 6.8716 0.3414 2.4822 2.9671 0.1939 0.8747 -0.4442
-0.3062 6.8032 0.209 2.3581 2.9729 -0.4015 0.6708 -0.6235
-0.6313 7.3993 1.1789 2.4161 2.5455 -0.1588 0.7986 -0.5805
-1.0122 8.0292 2.0892 2.4543 2.1209 0.1425 0.765 -0.6281
-0.0022 6.8716 0.3414 2.4822 2.9671 0.1939 0.8747 -0.4442
-0.2292 7.2575 1.4992 1.7562 2.4869 0.8631 0.4317 0.2621
-0.8186 7.95 2.2481 1.8496 2.066 0.7665 0.6412 -0.0366
-0.7398 7.733 2.4486 1.9309 2.1261 0.7099 0.0066 0.7043
-0.2292 7.2575 1.4992 1.7562 2.4869 0.8631 0.4317 0.2621
0.2926 6.8299 0.5362 1.5669 2.8396 0.709 0.705 -0.0167
-0.8186 7.95 2.2481 1.8496 2.066 0.7665 0.6412 -0.0366
-0.2292 7.2575 1.4992 1.7562 2.4869 0.8631 0.4317 0.2621
0.3489 6.517 0.7638 1.7075 2.893 0.8252 -0.0217 0.5644
0.2926 6.8299 0.5362 1.5669 2.8396 0.709 0.705 -0.0167
-0.2292 7.2575 1.4992 1.7562 2.4869 0.8631 0.4317 0.2621
-0.7398 7.733 2.4486 1.9309 2.1261 0.7099 0.0066 0.7043
0.3489 6.517 0.7638 1.7075 2.893 0.8252 -0.0217 0.5644
-0.5465 6.8239 1.5745 1.9746 2.5653 0.0955 -0.7484 0.6563
-0.9388 7.5299 2.4303 2.0112 2.1697 0.1835 -0.5138 0.8381
-1.1646 7.4339 2.3663 2.0891 2.1903 -0.3356 -0.6707 0.6614
-0.5465 6.8239 1.5745 1.9746 2.5653 0.0955 -0.7484 0.6563
0.117 6.2273 0.8038 1.841 2.9358 0.3512 -0.6123 0.7084
-0.9388 7.5299 2.4303 2.0112 2.1697 0.1835 -0.5138 0.8381
-0.5465 6.8239 1.5745 1.9746 2.5653 0.0955 -0.7484 0.6563
-0.1996 6.1046 0.6975 1.9754 2.9632 -0.3699 -0.8218 0.4333
0.117 6.2273 0.8038 1.841 2.9358 0.3512 -0.6123 0.7084
-0.5465 6.8239 1.5745 1.9746 2.5653 0.0955 -0.7484 0.6563
-1.1646 7.4339 2.3663 2.0891 2.1903 -0.3356 -0.6707 0.6614
-0.1996 6.1046 0.6975 1.9754 2.9632 -0.3699 -0.8218 0.4333
-0.9253 7.0081 1.2467 2.1962 2.5813 -0.8473 -0.5213 -0.1012
-1.4668 7.7287 2.0244 2.2665 2.167 -0.9035 0.0725 -0.4223
-0.4989 6.5119 0.2769 2.2271 2.9748 -0.9086 -0.1036 -0.4045
-0.9253 7.0081 1.2467 2.1962 2.5813 -0.8473 -0.5213 -0.1012
-1.3495 7.5193 2.2081 2.171 2.1879 -0.7863 -0.5617 0.2575
-1.4668 7.7287 2.0244 2.2665 2.167 -0.9035 0.0725 -0.4223
-0.9253 7.0081 1.2467 2.1962 2.5813 -0.8473 -0.5213 -0.1012
-0.386 6.2725 0.4774 2.1029 2.9748 -0.7974 -0.6034 -0.003
-1.3495 7.5193 2.2081 2.171 2.1879 -0.7863 -0.5617 0.2575
-0.9253 7.0081 1.2467 2.1962 2.5813 -0.8473 -0.5213 -0.1012
-0.4989 6.5119 0.2769 2.2271 2.9748 -0.9086 -0.1036 -0.4045
-0.386 6.2725 0.4774 2.1029 2.9748 -0.7974 -0.6034 -0.003
-0.8691 7.2342 1.1466 2.3082 2.5697 -0.56 0.5364 -0.6315
-1.2044 7.8931 2.0759 2.3706 2.14 -0.2935 0.5961 -0.7474
-0.3062 6.8032 0.209 2.3581 2.9729 -0.4015 0.6708 -0.6235
-0.8691 7.2342 1.1466 2.3082 2.5697 -0.56 0.5364 -0.6315
-1.4668 7.7287 2.0244 2.2665 2.167 -0.9035 0.0725 -0.4223
-1.2044 7.8931 2.0759 2.3706 2.14 -0.2935 0.5961 -0.7474
-0.8691 7.2342 1.1466 2.3082 2.5697 -0.56 0.5364 -0.6315
-0.4989 6.5119 0.2769 2.2271 2.9748 -0.9086 -0.1036 -0.4045
-1.4668 7.7287 2.0244 2.2665 2.167 -0.9035 0.0725 -0.4223
-0.8691 7.2342 1.1466 2.3082 2.5697 -0.56 0.5364 -0.6315
-0.3062 6.8032 0.209 2.3581 2.9729 -0.4015 0.6708 -0.6235
-0.4989 6.5119 0.2769 2.2271 2.9748 -0.9086 -0.1036 -0.4045
-0.3851 7.4202 1.3037 1.6573 2.4311 0.4277 0.8529 -0.2992
-1.0122 8.0292 2.0892 1.7735 2.0097 0.1425 0.765 -0.6281
-0.8186 7.95 2.2481 1.8496 2.066 0.7665 0.6412 -0.0366
-0.3851 7.4202 1.3037 1.6573 2.4311 0.4277 0.8529 -0.2992
-0.0022 6.8716 0.3414 1.4494 2.7898 0.1939 0.8747 -0.4442
-1.0122 8.0292 2.0892 1.7735 2.0097 0.1425 0.765 -0.6281
-0.3851 7.4202 1.3037 1.6573 2.4311 0.4277 0.8529 -0.2992
0.2926 6.8299 0.5362 1.5669 2.8396 0.709 0.705 -0.0167
-0.0022 6.8716 0.3414 1.4494 2.7898 0.1939 0.8747 -0.4442
-0.3851 7.4202 1.3037 1.6573 2.4311 0.4277 0.8529 -0.2992
-0.8186 7.95 2.2481 1.8496 2.066 0.7665 0.6412 -0.0366
0.2926 6.8299 0.5362 1.5669 2.8396 0.709 0.705 -0.0167
-0.8374 6.8093 -1.251 1.1529 2.0062 0.7864 0.5839 0.2019
-1.0143 7.2952 -1.9824 1.0405 1.7016 0.9703 0.1916 -0.1478
-1.1685 7.4471 -1.7913 1.1412 1.6729 0.4656 0.7399 0.4856
-0.8374 6.8093 -1.251 1.1529 2.0062 0.7864 0.5839 0.2019
-0.4831 6.1581 -0.7332 1.1523 2.3427 0.8573 0.3489 -0.3787
-1.0143 7.2952 -1.9824 1.0405 1.7016 0.9703 0.1916 -0.1478
-0.8374 6.8093 -1.251 1.1529 2.0062 0.7864 0.5839 0.2019
-0.6839 6.3366 -0.4969 1.2795 2.3053 0.4424 0.848 0.2918
-0.4831 6.1581 -0.7332 1.1523 2.3427 0.8573 0.3489 -0.3787
-0.8374 6.8093 -1.251 1.1529 2.0062 0.7864 0.5839 0.2019
-1.1685 7.4471 -1.7913 1.1412 1.6729 0.4656 0.7399 0.4856
-0.6839 6.3366 -0.4969 1.2795 2.3053 0.4424 0.848 0.2918
-0.9496 6.3371 -1.5023 0.9467 2.0829 0.7614 -0.2904 -0.5796
-1.1222 7.0675 -2.0803 0.9587 1.7442 0.8287 -0.2335 -0.5087
-0.6185 5.8515 -0.8388 1.0265 2.3763 0.7034 -0.1822 -0.6871
-0.9496 6.3371 -1.5023 0.9467 2.0829 0.7614 -0.2904 -0.5796
-1.2594 6.8253 -2.1683 0.8719 1.7906 0.3333 -0.5607 -0.758
-1.1222 7.0675 -2.0803 0.9587 1.7442 0.8287 -0.2335 -0.5087
-0.9496 6.3371 -1.5023 0.9467 2.0829 0.7614 -0.2904 -0.5796
-0.7984 5.6041 -0.9219 0.9148 2.3904 0.234 -0.6455 -0.7271
-1.2594 6.8253 -2.1683 0.8719 1.7906 0.3333 -0.5607 -0.758
-0.9496 6.3371 -1.5023 0.9467 2.0829 0.7614 -0.2904 -0.5796
-0.6185 5.8515 -0.8388 1.0265 2.3763 0.7034 -0.1822 -0.6871
-0.7984 5.6041 -0.9219 0.9148 2.3904 0.234 -0.6455 -0.7271
-1.4026 6.2697 -1.2952 0.727 2.1084 -0.9038 -0.4189 -0.0878
-1.6751 6.9692 -1.8201 0.6669 1.8263 -0.9896 -0.1435 0.007
-1.5653 6.777 -2.0484 0.7699 1.8223 -0.6488 -0.5648 -0.51
-1.4026 6.2697 -1.2952 0.727 2.1084 -0.9038 -0.4189 -0.0878
-1.2482 5.7773 -0.543 0.6803 2.3905 -0.9091 -0.3205 0.2661
-1.6751 6.9692 -1.8201 0.6669 1.8263 -0.9896 -0.1435 0.007
-1.4026 6.2697 -1.2952 0.727 2.1084 -0.9038 -0.4189 -0.0878
-1.1219 5.5554 -0.7695 0.7921 2.3953 -0.5877 -0.7621 -0.2718
-1.2482 5.7773 -0.543 0.6803 2.3905 -0.9091 -0.3205 0.2661
-1.4026 6.2697 -1.2952 0.727 2.1084 -0.9038 -0.4189 -0.0878
-1.5653 6.777 -2.0484 0.7699 1.8223 -0.6488 -0.5648 -0.51
-1.1219 5.5554 -0.7695 0.7921 2.3953 -0.5877 -0.7621 -0.2718
-1.0681 6.8702 -1.0767 0.4228 2.0591 0.161 0.7895 0.5922
-1.1685 7.4471 -1.7913 0.4072 1.7211 0.4656 0.7399 0.4856
-1.4155 7.3823 -1.692 0.4933 1.7638 -0.2269 0.7371 0.6366
-1.0681 6.8702 -1.0767 0.4228 2.0591 0.161 0.7895 0.5922
-0.6839 6.3366 -0.4969 0.3361 2.3536 0.4424 0.848 0.2918
-1.1685 7.4471 -1.7913 0.4072 1.7211 0.4656 0.7399 0.4856
-1.0681 6.8702 -1.0767 0.4228 2.0591 0.161 0.7895 0.5922
-1.0046 6.315 -0.3266 0.4645 2.3689 -0.3765 0.6528 0.6574
-0.6839 6.3366 -0.4969 0.3361 2.3536 0.4424 0.848 0.2918
-1.0681 6.8702 -1.0767 0.4228 2.0591 0.161 0.7895 0.5922
-1.4155 7.3823 -1.692 0.4933 1.7638 -0.2269 0.7371 0.6366
-1.0046 6.315 -0.3266 0.4645 2.3689 -0.3765 0.6528 0.6574
-0.8095 6.5931 -1.4087 1.0488 2.047 0.8349 -0.1825 -0.5193
-1.0143 7.2952 -1.9824 1.0405 1.7016 0.9703 0.1916 -0.1478
-0.4831 6.1581 -0.7332 1.1523 2.3427 0.8573 0.3489 -0.3787
-0.8095 6.5931 -1.4087 1.0488 2.047 0.8349 -0.1825 -0.5193
-1.1222 7.0675 -2.0803 0.9587 1.7442 0.8287 -0.2335 -0.5087
-1.0143 7.2952 -1.9824 1.0405 1.7016 0.9703 0.1916 -0.1478
-0.8095 6.5931 -1.4087 1.0488 2.047 0.8349 -0.1825 -0.5193
-0.6185 5.8515 -0.8388 1.0265 2.3763 0.7034 -0.1822 -0.6871
-1.1222 7.0675 -2.0803 0.9587 1.7442 0.8287 -0.2335 -0.5087
-0.8095 6.5931 -1.4087 1.0488 2.047 0.8349 -0.1825 -0.5193
-0.4831 6.1581 -0.7332 1.1523 2.3427 0.8573 0.3489 -0.3787
-0.6185 5.8515 -0.8388 1.0265 2.3763 0.7034 -0.1822 -0.6871
-1.1862 6.1905 -1.477 0.8401 2.1076 -0.1691 -0.738 -0.6533
-1.2594 6.8253 -2.1683 0.8719 1.7906 0.3333 -0.5607 -0.758
-0.7984 5.6041 -0.9219 0.9148 2.3904 0.234 -0.6455 -0.7271
-1.1862 6.1905 -1.477 0.8401 2.1076 -0.1691 -0.738 -0.6533
-1.5653 6.777 -2.0484 0.7699 1.8223 -0.6488 -0.5648 -0.51
-1.2594 6.8253 -2.1683 0.8719 1.7906 0.3333 -0.5607 -0.758
-1.1862 6.1905 -1.477 0.8401 2.1076 -0.1691 -0.738 -0.6533
-1.1219 5.5554 -0.7695 0.7921 2.3953 -0.5877 -0.7621 -0.2718
-1.5653 6.777 -2.0484 0.7699 1.8223 -0.6488 -0.5648 -0.51
-1.1862 6.1905 -1.477 0.8401 2.1076 -0.1691 -0.738 -0.6533
-0.7984 5.6041 -0.9219 0.9148 2.3904 0.234 -0.6455 -0.7271
-1.1219 5.5554 -0.7695 0.7921 2.3953 -0.5877 -0.7621 -0.2718
-1.4368 6.5005 -1.1113 0.6249 2.1045 -0.9448 0.0036 0.3276
-1.6357 7.2166 -1.6765 0.5759 1.8038 -0.817 0.3767 0.4365
-1.6751 6.9692 -1.8201 0.6669 1.8263 -0.9896 -0.1435 0.007
-1.4368 6.5005 -1.1113 0.6249 2.1045 -0.9448 0.0036 0.3276
-1.1881 6.0391 -0.4056 0.5809 2.3816 -0.8274 0.1222 0.5481
-1.6357 7.2166 -1.6765 0.5759 1.8038 -0.817 0.3767 0.4365
-1.4368 6.5005 -1.1113 0.6249 2.1045 -0.9448 0.0036 0.3276
-1.2482 5.7773 -0.543 0.6803 2.3905 -0.9091 -0.3205 0.2661
-1.1881 6.0391 -0.4056 0.5809 2.3816 -0.8274 0.1222 0.5481
-1.4368 6.5005 -1.1113 0.6249 2.1045 -0.9448 0.0036 0.3276
-1.6751 6.9692 -1.8201 0.6669 1.8263 -0.9896 -0.1435 0.007
-1.2482 5.7773 -0.543 0.6803 2.3905 -0.9091 -0.3205 0.2661
-1.311 6.7382 -1.0252 0.5261 2.0865 -0.6243 0.4826 0.6143
-1.4155 7.3823 -1.692 0.4933 1.7638 -0.2269 0.7371 0.6366
-1.6357 7.2166 -1.6765 0.5759 1.8038 -0.817 0.3767 0.4365
-1.311 6.7382 -1.0252 0.5261 2.0865 -0.6243 0.4826 0.6143
-1.0046 6.315 -0.3266 0.4645 2.3689 -0.3765 0.6528 0.6574
-1.4155 7.3823 -1.692 0.4933 1.7638 -0.2269 0.7371 0.6366
-1.311 6.7382 -1.0252 0.5261 2.0865 -0.6243 0.4826 0.6143
-1.1881 6.0391 -0.4056 0.5809 2.3816 -0.8274 0.1222 0.5481
-1.0046 6.315 -0.3266 0.4645 2.3689 -0.3765 0.6528 0.6574
-1.311 6.7382 -1.0252 0.5261 2.0865 -0.6243 0.4826 0.6143
-1.6357 7.2166 -1.6765 0.5759 1.8038 -0.817 0.3767 0.4365
-1.1881 6.0391 -0.4056 0.5809 2.3816 -0.8274 0.1222 0.5481
-1.5038 8.367 2.4169 2.2857 1.9033 -0.1543 0.511 -0.8456
-1.8402 9.4793 3.1505 2.2199 1.4028 -0.3609 0.8241 0.4366
-1.2044 7.8931 2.0759 2.3706 2.14 -0.2935 0.5961 -0.7474
-1.5038 8.367 2.4169 2.2857 1.9033 -0.1543 0.511 -0.8456
-1.4668 7.7287 2.0244 2.2665 2.167 -0.9035 0.0725 -0.4223
-1.8402 9.4793 3.1505 2.2199 1.4028 -0.3609 0.8241 0.4366
-1.5038 8.367 2.4169 2.2857 1.9033 -0.1543 0.511 -0.8456
-1.2044 7.8931 2.0759 2.3706 2.14 -0.2935 0.5961 -0.7474
-1.4668 7.7287 2.0244 2.2665 2.167 -0.9035 0.0725 -0.4223
-1.2237 8.4862 2.4959 1.9477 1.8262 0.618 0.6626 -0.4232
-1.8402 9.4793 3.1505 2.2199 1.4028 -0.3609 0.8241 0.4366
-0.8186 7.95 2.2481 1.8496 2.066 0.7665 0.6412 -0.0366
-1.2237 8.4862 2.4959 1.9477 1.8262 0.618 0.6626 -0.4232
-1.0122 8.0292 2.0892 1.7735 2.0097 0.1425 0.765 -0.6281
-1.8402 9.4793 3.1505 2.2199 1.4028 -0.3609 0.8241 0.4366
-1.2237 8.4862 2.4959 1.9477 1.8262 0.618 0.6626 -0.4232
-0.8186 7.95 2.2481 1.8496 2.066 0.7665 0.6412 -0.0366
-1.0122 8.0292 2.0892 1.7735 2.0097 0.1425 0.765 -0.6281
-1.1729 8.2474 2.6765 2.054 1.8995 0.1835 -0.2649 0.9467
-1.8402 9.4793 3.1505 2.2199 1.4028 -0.3609 0.8241 0.4366
-0.9388 7.5299 2.4303 2.0112 2.1697 0.1835 -0.5138 0.8381
-1.1729 8.2474 2.6765 2.054 1.8995 0.1835 -0.2649 0.9467
-0.7398 7.733 2.4486 1.9309 2.1261 0.7099 0.0066 0.7043
-1.8402 9.4793 3.1505 2.2199 1.4028 -0.3609 0.8241 0.4366
-1.1729 8.2474 2.6765 2.054 1.8995 0.1835 -0.2649 0.9467
-0.9388 7.5299 2.4303 2.0112 2.1697 0.1835 -0.5138 0.8381
-0.7398 7.733 2.4486 1.9309 2.1261 0.7099 0.0066 0.7043
-1.4514 8.1442 2.5749 2.16 1.927 -0.6918 -0.4462 0.5677
-1.8402 9.4793 3.1505 2.2199 1.4028 -0.3609 0.8241 0.4366
-1.3495 7.5193 2.2081 2.171 2.1879 -0.7863 -0.5617 0.2575
-1.4514 8.1442 2.5749 2.16 1.927 -0.6918 -0.4462 0.5677
-1.1646 7.4339 2.3663 2.0891 2.1903 -0.3356 -0.6707 0.6614
-1.8402 9.4793 3.1505 2.2199 1.4028 -0.3609 0.8241 0.4366
-1.4514 8.1442 2.5749 2.16 1.927 -0.6918 -0.4462 0.5677
-1.3495 7.5193 2.2081 2.171 2.1879 -0.7863 -0.5617 0.2575
-1.1646 7.4339 2.3663 2.0891 2.1903 -0.3356 -0.6707 0.6614
-1.3523 8.4672 2.4385 2.3482 1.8879 -0.27 0.4635 -0.844
-1.8402 9.4793 3.1505 2.2199 1.4028 -0.3609 0.8241 0.4366
-1.0122 8.0292 2.0892 2.4543 2.1209 0.1425 0.765 -0.6281
-1.3523 8.4672 2.4385 2.3482 1.8879 -0.27 0.4635 -0.844
-1.2044 7.8931 2.0759 2.3706 2.14 -0.2935 0.5961 -0.7474
-1.8402 9.4793 3.1505 2.2199 1.4028 -0.3609 0.8241 0.4366
-1.3523 8.4672 2.4385 2.3482 1.8879 -0.27 0.4635 -0.844
-1.0122 8.0292 2.0892 2.4543 2.1209 0.1425 0.765 -0.6281
-1.2044 7.8931 2.0759 2.3706 2.14 -0.2935 0.5961 -0.7474
-1.1329 8.3875 2.6157 2.0001 1.865 0.8632 0.474 0.174
-1.8402 9.4793 3.1505 2.2199 1.4028 -0.3609 0.8241 0.4366
-0.7398 7.733 2.4486 1.9309 2.1261 0.7099 0.0066 0.7043
-1.1329 8.3875 2.6157 2.0001 1.865 0.8632 0.474 0.174
-0.8186 7.95 2.2481 1.8496 2.066 0.7665 0.6412 -0.0366
-1.8402 9.4793 3.1505 2.2199 1.4028 -0.3609 0.8241 0.4366
-1.1329 8.3875 2.6157 2.0001 1.865 0.8632 0.474 0.174
-0.7398 7.733 2.4486 1.9309 2.1261 0.7099 0.0066 0.7043
-0.8186 7.95 2.2481 1.8496 2.066 0.7665 0.6412 -0.0366
-1.3145 8.1477 2.649 2.1067 1.921 -0.0973 -0.3841 0.9181
-1.8402 9.4793 3.1505 2.2199 1.4028 -0.3609 0.8241 0.4366
-1.1646 7.4339 2.3663 2.0891 2.1903 -0.3356 -0.6707 0.6614
-1.3145 8.1477 2.649 2.1067 1.921 -0.0973 -0.3841 0.9181
-0.9388 7.5299 2.4303 2.0112 2.1697 0.1835 -0.5138 0.8381
-1.8402 9.4793 3.1505 2.2199 1.4028 -0.3609 0.8241 0.4366
-1.3145 8.1477 2.649 2.1067 1.921 -0.0973 -0.3841 0.9181
-1.1646 7.4339 2.3663 2.0891 2.1903 -0.3356 -0.6707 0.6614
-0.9388 7.5299 2.4303 2.0112 2.1697 0.1835 -0.5138 0.8381
-1.5522 8.2425 2.461 2.2191 1.9192 -0.9199 -0.3312 0.2098
-1.8402 9.4793 3.1505 2.2199 1.4028 -0.3609 0.8241 0.4366
-1.4668 7.7287 2.0244 2.2665 2.167 -0.9035 0.0725 -0.4223
-1.5522 8.2425 2.461 2.2191 1.9192 -0.9199 -0.3312 0.2098
-1.3495 7.5193 2.2081 2.171 2.1879 -0.7863 -0.5617 0.2575
-1.8402 9.4793 3.1505 2.2199 1.4028 -0.3609 0.8241 0.4366
-1.5522 8.2425 2.461 2.2191 1.9192 -0.9199 -0.3312 0.2098
-1.4668 7.7287 2.0244 2.2665 2.167 -0.9035 0.0725 -0.4223
-1.3495 7.5193 2.2081 2.171 2.1879 -0.7863 -0.5617 0.2575
-0.0228 5.9446 -0.073 1.2927 2.6218 0.5768 0.8034 -0.1478
-0.6839 6.3366 -0.4969 1.2795 2.3053 0.4424 0.848 0.2918
0.4206 5.7574 0.6145 1.4465 2.8963 0.3931 0.9148 0.0932
-0.0228 5.9446 -0.073 1.2927 2.6218 0.5768 0.8034 -0.1478
-0.4831 6.1581 -0.7332 1.1523 2.3427 0.8573 0.3489 -0.3787
-0.6839 6.3366 -0.4969 1.2795 2.3053 0.4424 0.848 0.2918
-0.0228 5.9446 -0.073 1.2927 2.6218 0.5768 0.8034 -0.1478
0.6552 5.5262 0.3236 1.3059 2.9531 0.7117 0.5162 -0.4765
-0.4831 6.1581 -0.7332 1.1523 2.3427 0.8573 0.3489 -0.3787
-0.0228 5.9446 -0.073 1.2927 2.6218 0.5768 0.8034 -0.1478
0.4206 5.7574 0.6145 1.4465 2.8963 0.3931 0.9148 0.0932
0.6552 5.5262 0.3236 1.3059 2.9531 0.7117 0.5162 -0.4765
-0.1476 5.3638 -0.3852 1.0256 2.6754 0.54 -0.2578 -0.8012
-0.7984 5.6041 -0.9219 0.9148 2.3904 0.234 -0.6455 -0.7271
-0.6185 5.8515 -0.8388 1.0265 2.3763 0.7034 -0.1822 -0.6871
-0.1476 5.3638 -0.3852 1.0256 2.6754 0.54 -0.2578 -0.8012
0.2759 4.8483 0.0869 1.0073 2.9748 0.2559 -0.614 -0.7466
-0.7984 5.6041 -0.9219 0.9148 2.3904 0.234 -0.6455 -0.7271
-0.1476 5.3638 -0.3852 1.0256 2.6754 0.54 -0.2578 -0.8012
0.5503 5.1512 0.1328 1.1578 2.9748 0.6296 -0.0642 -0.7742
0.2759 4.8483 0.0869 1.0073 2.9748 0.2559 -0.614 -0.7466
-0.1476 5.3638 -0.3852 1.0256 2.6754 0.54 -0.2578 -0.8012
-0.6185 5.8515 -0.8388 1.0265 2.3763 0.7034 -0.1822 -0.6871
0.5503 5.1512 0.1328 1.1578 2.9748 0.6296 -0.0642 -0.7742
-0.7091 5.2903 -0.1155 0.7427 2.6729 -0.7 -0.7028 0.1273
-1.2482 5.7773 -0.543 0.6803 2.3905 -0.9091 -0.3205 0.2661
-1.1219 5.5554 -0.7695 0.7921 2.3953 -0.5877 -0.7621 -0.2718
-0.7091 5.2903 -0.1155 0.7427 2.6729 -0.7 -0.7028 0.1273
-0.3505 5.0299 0.5707 0.674 2.9467 -0.8039 -0.5 0.3222
-1.2482 5.7773 -0.543 0.6803 2.3905 -0.9091 -0.3205 0.2661
-0.7091 5.2903 -0.1155 0.7427 2.6729 -0.7 -0.7028 0.1273
-0.1159 4.7987 0.2798 0.8452 2.9585 -0.4012 -0.8772 -0.2637
-0.3505 5.0299 0.5707 0.674 2.9467 -0.8039 -0.5 0.3222
-0.7091 5.2903 -0.1155 0.7427 2.6729 -0.7 -0.7028 0.1273
-1.1219 5.5554 -0.7695 0.7921 2.3953 -0.5877 -0.7621 -0.2718
-0.1159 4.7987 0.2798 0.8452 2.9585 -0.4012 -0.8772 -0.2637
-0.3098 6.0292 0.1496 0.334 2.6523 0.1047 0.917 0.3849
-1.0046 6.315 -0.3266 0.4645 2.3689 -0.3765 0.6528 0.6574
0.0288 5.7078 0.8073 0.3459 2.9503 -0.1908 0.7943 0.5768
-0.3098 6.0292 0.1496 0.334 2.6523 0.1047 0.917 0.3849
-0.6839 6.3366 -0.4969 0.3361 2.3536 0.4424 0.848 0.2918
-1.0046 6.315 -0.3266 0.4645 2.3689 -0.3765 0.6528 0.6574
-0.3098 6.0292 0.1496 0.334 2.6523 0.1047 0.917 0.3849
0.4206 5.7574 0.6145 0.1834 2.9522 0.3931 0.9148 0.0932
-0.6839 6.3366 -0.4969 0.3361 2.3536 0.4424 0.848 0.2918
-0.3098 6.0292 0.1496 0.334 2.6523 0.1047 0.917 0.3849
0.0288 5.7078 0.8073 0.3459 2.9503 -0.1908 0.7943 0.5768
0.4206 5.7574 0.6145 0.1834 2.9522 0.3931 0.9148 0.0932
0.026 5.6718 -0.2789 1.1621 2.6573 0.6826 0.0753 -0.7269
-0.6185 5.8515 -0.8388 1.0265 2.3763 0.7034 -0.1822 -0.6871
-0.4831 6.1581 -0.7332 1.1523 2.3427 0.8573 0.3489 -0.3787
0.026 5.6718 -0.2789 1.1621 2.6573 0.6826 0.0753 -0.7269
0.5503 5.1512 0.1328 1.1578 2.9748 0.6296 -0.0642 -0.7742
-0.6185 5.8515 -0.8388 1.0265 2.3763 0.7034 -0.1822 -0.6871
0.026 5.6718 -0.2789 1.1621 2.6573 0.6826 0.0753 -0.7269
0.6552 5.5262 0.3236 1.3059 2.9531 0.7117 0.5162 -0.4765
0.5503 5.1512 0.1328 1.1578 2.9748 0.6296 -0.0642 -0.7742
0.026 5.6718 -0.2789 1.1621 2.6573 0.6826 0.0753 -0.7269
-0.4831 6.1581 -0.7332 1.1523 2.3427 0.8573 0.3489 -0.3787
0.6552 5.5262 0.3236 1.3059 2.9531 0.7117 0.5162 -0.4765
-0.4401 5.2016 -0.3312 0.8872 2.6751 -0.125 -0.8556 -0.5024
-1.1219 5.5554 -0.7695 0.7921 2.3953 -0.5877 -0.7621 -0.2718
-0.7984 5.6041 -0.9219 0.9148 2.3904 0.234 -0.6455 -0.7271
-0.4401 5.2016 -0.3312 0.8872 2.6751 -0.125 -0.8556 -0.5024
-0.1159 4.7987 0.2798 0.8452 2.9585 -0.4012 -0.8772 -0.2637
-1.1219 5.5554 -0.7695 0.7921 2.3953 -0.5877 -0.7621 -0.2718
-0.4401 5.2016 -0.3312 0.8872 2.6751 -0.125 -0.8556 -0.5024
0.2759 4.8483 0.0869 1.0073 2.9748 0.2559 -0.614 -0.7466
-0.1159 4.7987 0.2798 0.8452 2.9585 -0.4012 -0.8772 -0.2637
-0.4401 5.2016 -0.3312 0.8872 2.6751 -0.125 -0.8556 -0.5024
-0.7984 5.6041 -0.9219 0.9148 2.3904 0.234 -0.6455 -0.7271
0.2759 4.8483 0.0869 1.0073 2.9748 0.2559 -0.614 -0.7466
-0.7693 5.5632 0.1028 0.6145 2.664 -0.8221 -0.1515 0.5488
-1.2482 5.7773 -0.543 0.6803 2.3905 -0.9091 -0.3205 0.2661
-0.3505 5.0299 0.5707 0.674 2.9467 -0.8039 -0.5 0.3222
-0.7693 5.5632 0.1028 0.6145 2.664 -0.8221 -0.1515 0.5488
-1.1881 6.0391 -0.4056 0.5809 2.3816 -0.8274 0.1222 0.5481
-1.2482 5.7773 -0.543 0.6803 2.3905 -0.9091 -0.3205 0.2661
-0.7693 5.5632 0.1028 0.6145 2.664 -0.8221 -0.1515 0.5488
-0.2906 5.4065 0.7892 0.5086 2.9449 -0.7153 0.2016 0.6691
-1.1881 6.0391 -0.4056 0.5809 2.3816 -0.8274 0.1222 0.5481
-0.7693 5.5632 0.1028 0.6145 2.664 -0.8221 -0.1515 0.5488
-0.3505 5.0299 0.5707 0.674 2.9467 -0.8039 -0.5 0.3222
-0.2906 5.4065 0.7892 0.5086 2.9449 -0.7153 0.2016 0.6691
-0.6136 5.8671 0.2161 0.4772 2.6579 -0.5914 0.3971 0.7018
-1.1881 6.0391 -0.4056 0.5809 2.3816 -0.8274 0.1222 0.5481
-0.2906 5.4065 0.7892 0.5086 2.9449 -0.7153 0.2016 0.6691
-0.6136 5.8671 0.2161 0.4772 2.6579 -0.5914 0.3971 0.7018
-1.0046 6.315 -0.3266 0.4645 2.3689 -0.3765 0.6528 0.6574
-1.1881 6.0391 -0.4056 0.5809 2.3816 -0.8274 0.1222 0.5481
-0.6136 5.8671 0.2161 0.4772 2.6579 -0.5914 0.3971 0.7018
0.0288 5.7078 0.8073 0.3459 2.9503 -0.1908 0.7943 0.5768
-1.0046 6.315 -0.3266 0.4645 2.3689 -0.3765 0.6528 0.6574
-0.6136 5.8671 0.2161 0.4772 2.6579 -0.5914 0.3971 0.7018
-0.2906 5.4065 0.7892 0.5086 2.9449 -0.7153 0.2016 0.6691
0.0288 5.7078 0.8073 0.3459 2.9503 -0.1908 0.7943 0.5768
-1.216 7.8325 -2.6379 0.9024 1.4128 0.8674 -0.2192 -0.4467
-1.5116 9.1347 -3.8508 0.708 0.7926 -0.0579 0.7184 -0.6932
-1.0143 7.2952 -1.9824 1.0405 1.7016 0.9703 0.1916 -0.1478
-1.216 7.8325 -2.6379 0.9024 1.4128 0.8674 -0.2192 -0.4467
-1.1222 7.0675 -2.0803 0.9587 1.7442 0.8287 -0.2335 -0.5087
-1.5116 9.1347 -3.8508 0.708 0.7926 -0.0579 0.7184 -0.6932
-1.216 7.8325 -2.6379 0.9024 1.4128 0.8674 -0.2192 -0.4467
-1.0143 7.2952 -1.9824 1.0405 1.7016 0.9703 0.1916 -0.1478
-1.1222 7.0675 -2.0803 0.9587 1.7442 0.8287 -0.2335 -0.5087
-1.4454 7.579 -2.6892 0.7833 1.4685 -0.2122 -0.5905 -0.7787
-1.5116 9.1347 -3.8508 0.708 0.7926 -0.0579 0.7184 -0.6932
-1.2594 6.8253 -2.1683 0.8719 1.7906 0.3333 -0.5607 -0.758
-1.4454 7.579 -2.6892 0.7833 1.4685 -0.2122 -0.5905 -0.7787
-1.5653 6.777 -2.0484 0.7699 1.8223 -0.6488 -0.5648 -0.51
-1.5116 9.1347 -3.8508 0.708 0.7926 -0.0579 0.7184 -0.6932
-1.4454 7.579 -2.6892 0.7833 1.4685 -0.2122 -0.5905 -0.7787
-1.2594 6.8253 -2.1683 0.8719 1.7906 0.3333 -0.5607 -0.758
-1.5653 6.777 -2.0484 0.7699 1.8223 -0.6488 -0.5648 -0.51
-1.6075 7.7735 -2.4491 0.6503 1.4742 -0.9905 0.126 0.0546
-1.5116 9.1347 -3.8508 0.708 0.7926 -0.0579 0.7184 -0.6932
-1.6751 6.9692 -1.8201 0.6669 1.8263 -0.9896 -0.1435 0.007
-1.6075 7.7735 -2.4491 0.6503 1.4742 -0.9905 0.126 0.0546
-1.6357 7.2166 -1.6765 0.5759 1.8038 -0.817 0.3767 0.4365
-1.5116 9.1347 -3.8508 0.708 0.7926 -0.0579 0.7184 -0.6932
-1.6075 7.7735 -2.4491 0.6503 1.4742 -0.9905 0.126 0.0546
-1.6751 6.9692 -1.8201 0.6669 1.8263 -0.9896 -0.1435 0.007
-1.6357 7.2166 -1.6765 0.5759 1.8038 -0.817 0.3767 0.4365
-1.2314 7.959 -2.5415 0.9633 1.389 0.8246 0.4972 0.27
-1.5116 9.1347 -3.8508 0.708 0.7926 -0.0579 0.7184 -0.6932
-1.1685 7.4471 -1.7913 1.1412 1.6729 0.4656 0.7399 0.4856
-1.2314 7.959 -2.5415 0.9633 1.389 0.8246 0.4972 0.27
-1.0143 7.2952 -1.9824 1.0405 1.7016 0.9703 0.1916 -0.1478
-1.5116 9.1347 -3.8508 0.708 0.7926 -0.0579 0.7184 -0.6932
-1.2314 7.959 -2.5415 0.9633 1.389 0.8246 0.4972 0.27
-1.1685 7.4471 -1.7913 1.1412 1.6729 0.4656 0.7399 0.4856
-1.0143 7.2952 -1.9824 1.0405 1.7016 0.9703 0.1916 -0.1478
-1.2977 7.6758 -2.6998 0.8462 1.4425 0.8167 -0.2789 -0.5052
-1.5116 9.1347 -3.8508 0.708 0.7926 -0.0579 0.7184 -0.6932
-1.1222 7.0675 -2.0803 0.9587 1.7442 0.8287 -0.2335 -0.5087
-1.2977 7.6758 -2.6998 0.8462 1.4425 0.8167 -0.2789 -0.5052
-1.2594 6.8253 -2.1683 0.8719 1.7906 0.3333 -0.5607 -0.758
-1.5116 9.1347 -3.8508 0.708 0.7926 -0.0579 0.7184 -0.6932
-1.2977 7.6758 -2.6998 0.8462 1.4425 0.8167 -0.2789 -0.5052
-1.1222 7.0675 -2.0803 0.9587 1.7442 0.8287 -0.2335 -0.5087
-1.2594 6.8253 -2.1683 0.8719 1.7906 0.3333 -0.5607 -0.758
-1.5209 7.9112 -2.4064 0.5924 1.4534 -0.4683 0.6757 0.5693
-1.5116 9.1347 -3.8508 0.708 0.7926 -0.0579 0.7184 -0.6932
-1.6357 7.2166 -1.6765 0.5759 1.8038 -0.817 0.3767 0.4365
-1.5209 7.9112 -2.4064 0.5924 1.4534 -0.4683 0.6757 0.5693
-1.4155 7.3823 -1.692 0.4933 1.7638 -0.2269 0.7371 0.6366
-1.5116 9.1347 -3.8508 0.708 0.7926 -0.0579 0.7184 -0.6932
-1.5209 7.9112 -2.4064 0.5924 1.4534 -0.4683 0.6757 0.5693
-1.6357 7.2166 -1.6765 0.5759 1.8038 -0.817 0.3767 0.4365
-1.4155 7.3823 -1.692 0.4933 1.7638 -0.2269 0.7371 0.6366
-1.584 7.627 -2.5731 0.7149 1.4804 -0.9379 -0.1969 -0.2855
-1.5116 9.1347 -3.8508 0.708 0.7926 -0.0579 0.7184 -0.6932
-1.5653 6.777 -2.0484 0.7699 1.8223 -0.6488 -0.5648 -0.51
-1.584 7.627 -2.5731 0.7149 1.4804 -0.9379 -0.1969 -0.2855
-1.6751 6.9692 -1.8201 0.6669 1.8263 -0.9896 -0.1435 0.007
-1.5116 9.1347 -3.8508 0.708 0.7926 -0.0579 0.7184 -0.6932
-1.584 7.627 -2.5731 0.7149 1.4804 -0.9379 -0.1969 -0.2855
-1.5653 6.777 -2.0484 0.7699 1.8223 -0.6488 -0.5648 -0.51
-1.6751 6.9692 -1.8201 0.6669 1.8263 -0.9896 -0.1435 0.007
-1.3652 7.988 -2.4447 0.5362 1.4258 0.0486 0.7765 0.6282
-1.5116 9.1347 -3.8508 0.708 0.7926 -0.0579 0.7184 -0.6932
-1.4155 7.3823 -1.692 0.4933 1.7638 -0.2269 0.7371 0.6366
-1.3652 7.988 -2.4447 0.5362 1.4258 0.0486 0.7765 0.6282
-1.1685 7.4471 -1.7913 0.4072 1.7211 0.4656 0.7399 0.4856
-1.5116 9.1347 -3.8508 0.708 0.7926 -0.0579 0.7184 -0.6932
-1.3652 7.988 -2.4447 0.5362 1.4258 0.0486 0.7765 0.6282
-1.4155 7.3823 -1.692 0.4933 1.7638 -0.2269 0.7371 0.6366
-1.1685 7.4471 -1.7913 0.4072 1.7211 0.4656 0.7399 0.4856
0.4743 9.647 1.0048 1.3687 -1.5842 0.9615 -0.2749 -0.0049
0.7877 10.7285 1.813 1.6729 -1.9629 0.3402 0.7438 0.5754
0.2967 9.0311 0.7018 1.2505 -1.3656 0.8656 -0.4244 0.2658
0.4743 9.647 1.0048 1.3687 -1.5842 0.9615 -0.2749 -0.0049
0.3386 9.1813 0.4997 1.1827 -1.424 0.9438 0.0066 -0.3305
0.7877 10.7285 1.813 1.6729 -1.9629 0.3402 0.7438 0.5754
0.4743 9.647 1.0048 1.3687 -1.5842 0.9615 -0.2749 -0.0049
0.2967 9.0311 0.7018 1.2505 -1.3656 0.8656 -0.4244 0.2658
0.3386 9.1813 0.4997 1.1827 -1.424 0.9438 0.0066 -0.3305
0.2591 9.8423 0.9244 1.6312 -1.4875 -0.3648 0.7587 -0.5397
0.7877 10.7285 1.813 1.6729 -1.9629 0.3402 0.7438 0.5754
0.1444 9.3997 0.3797 1.6729 -1.2417 0.2508 0.6512 -0.7163
0.2591 9.8423 0.9244 1.6312 -1.4875 -0.3648 0.7587 -0.5397
-0.1547 9.3988 0.5806 1.5477 -1.2578 -0.7796 0.6218 -0.0747
0.7877 10.7285 1.813 1.6729 -1.9629 0.3402 0.7438 0.5754
0.2591 9.8423 0.9244 1.6312 -1.4875 -0.3648 0.7587 -0.5397
0.1444 9.3997 0.3797 1.6729 -1.2417 0.2508 0.6512 -0.7163
-0.1547 9.3988 0.5806 1.5477 -1.2578 -0.7796 0.6218 -0.0747
0.3963 9.5829 1.1423 1.4208 -1.5485 0.6762 -0.5303 0.5113
0.7877 10.7285 1.813 1.6729 -1.9629 0.3402 0.7438 0.5754
0.1046 8.989 0.9123 1.339 -1.317 0.1004 -0.4883 0.8669
0.3963 9.5829 1.1423 1.4208 -1.5485 0.6762 -0.5303 0.5113
0.2967 9.0311 0.7018 1.2505 -1.3656 0.8656 -0.4244 0.2658
0.7877 10.7285 1.813 1.6729 -1.9629 0.3402 0.7438 0.5754
0.3963 9.5829 1.1423 1.4208 -1.5485 0.6762 -0.5303 0.5113
0.1046 8.989 0.9123 1.339 -1.317 0.1004 -0.4883 0.8669
0.2967 9.0311 0.7018 1.2505 -1.3656 0.8656 -0.4244 0.2658
0.4236 9.7698 0.8974 1.3226 -1.6321 0.7269 0.3095 -0.6131
0.7877 10.7285 1.813 1.6729 -1.9629 0.3402 0.7438 0.5754
0.3386 9.1813 0.4997 1.1827 -1.424 0.9438 0.0066 -0.3305
0.4236 9.7698 0.8974 1.3226 -1.6321 0.7269 0.3095 -0.6131
0.1444 9.3997 0.3797 1.1122 -1.5093 0.2508 0.6512 -0.7163
0.7877 10.7285 1.813 1.6729 -1.9629 0.3402 0.7438 0.5754
0.4236 9.7698 0.8974 1.3226 -1.6321 0.7269 0.3095 -0.6131
0.3386 9.1813 0.4997 1.1827 -1.424 0.9438 0.0066 -0.3305
0.1444 9.3997 0.3797 1.1122 -1.5093 0.2508 0.6512 -0.7163
0.1763 9.7695 1.0659 1.5535 -1.5012 -0.8768 0.2299 0.4224
0.7877 10.7285 1.813 1.6729 -1.9629 0.3402 0.7438 0.5754
-0.1547 9.3988 0.5806 1.5477 -1.2578 -0.7796 0.6218 -0.0747
0.1763 9.7695 1.0659 1.5535 -1.5012 -0.8768 0.2299 0.4224
-0.104 9.1813 0.8043 1.4398 -1.2829 -0.762 0.017 0.6474
0.7877 10.7285 1.813 1.6729 -1.9629 0.3402 0.7438 0.5754
0.1763 9.7695 1.0659 1.5535 -1.5012 -0.8768 0.2299 0.4224
-0.1547 9.3988 0.5806 1.5477 -1.2578 -0.7796 0.6218 -0.0747
-0.104 9.1813 0.8043 1.4398 -1.2829 -0.762 0.017 0.6474
0.2628 9.6329 1.1765 1.4839 -1.521 -0.58 -0.1832 0.7937
0.7877 10.7285 1.813 1.6729 -1.9629 0.3402 0.7438 0.5754
-0.104 9.1813 0.8043 1.4398 -1.2829 -0.762 0.017 0.6474
0.2628 9.6329 1.1765 1.4839 -1.521 -0.58 -0.1832 0.7937
0.1046 8.989 0.9123 1.339 -1.317 0.1004 -0.4883 0.8669
0.7877 10.7285 1.813 1.6729 -1.9629 0.3402 0.7438 0.5754
0.2628 9.6329 1.1765 1.4839 -1.521 -0.58 -0.1832 0.7937
-0.104 9.1813 0.8043 1.4398 -1.2829 -0.762 0.017 0.6474
0.1046 8.989 0.9123 1.339 -1.317 0.1004 -0.4883 0.8669
0.8247 8.287 -0.0701 0.4955 -0.7049 0.4006 0.6373 0.6583
1.9027 8.894 -1.3137 1.1092 -0.6675 0.6549 0.4154 -0.6313
0.1732 8.0924 0.5148 0.1834 -0.6675 0.0357 0.9024 0.4294
0.8247 8.287 -0.0701 0.4955 -0.7049 0.4006 0.6373 0.6583
0.3982 7.8747 0.5886 0.1939 -0.7797 0.6777 0.2735 0.6825
1.9027 8.894 -1.3137 1.1092 -0.6675 0.6549 0.4154 -0.6313
0.8247 8.287 -0.0701 0.4955 -0.7049 0.4006 0.6373 0.6583
0.1732 8.0924 0.5148 0.1834 -0.6675 0.0357 0.9024 0.4294
0.3982 7.8747 0.5886 0.1939 -0.7797 0.6777 0.2735 0.6825
0.8701 8.0156 -0.245 0.5326 -0.8509 0.5124 -0.8368 -0.1927
1.9027 8.894 -1.3137 1.1092 -0.6675 0.6549 0.4154 -0.6313
0.4499 7.6052 0.4198 0.224 -0.8886 0.7833 -0.5791 0.2259
0.8701 8.0156 -0.245 0.5326 -0.8509 0.5124 -0.8368 -0.1927
0.2577 7.5475 0.1591 0.2646 -0.9965 0.1954 -0.8227 -0.5339
1.9027 8.894 -1.3137 1.1092 -0.6675 0.6549 0.4154 -0.6313
0.8701 8.0156 -0.245 0.5326 -0.8509 0.5124 -0.8368 -0.1927
0.4499 7.6052 0.4198 0.224 -0.8886 0.7833 -0.5791 0.2259
0.2577 7.5475 0.1591 0.2646 -0.9965 0.1954 -0.8227 -0.5339
0.6838 8.3434 -0.1822 0.6419 -1.0658 -0.3435 0.9353 0.0852
1.9027 8.894 -1.3137 1.1092 -0.6675 0.6549 0.4154 -0.6313
-0.0245 8.0437 0.2522 0.3727 -1.2188 -0.5721 0.7684 -0.2868
0.6838 8.3434 -0.1822 0.6419 -1.0658 -0.3435 0.9353 0.0852
0.1732 8.0924 0.5148 0.4437 -1.3111 0.0357 0.9024 0.4294
1.9027 8.894 -1.3137 1.1092 -0.6675 0.6549 0.4154 -0.6313
0.6838 8.3434 -0.1822 0.6419 -1.0658 -0.3435 0.9353 0.0852
-0.0245 8.0437 0.2522 0.3727 -1.2188 -0.5721 0.7684 -0.2868
0.1732 8.0924 0.5148 0.4437 -1.3111 0.0357 0.9024 0.4294
0.9169 8.1246 -0.1018 0.509 -0.7786 0.8167 -0.1857 0.5463
1.9027 8.894 -1.3137 1.1092 -0.6675 0.6549 0.4154 -0.6313
0.3982 7.8747 0.5886 0.1939 -0.7797 0.6777 0.2735 0.6825
0.9169 8.1246 -0.1018 0.509 -0.7786 0.8167 -0.1857 0.5463
0.4499 7.6052 0.4198 0.224 -0.8886 0.7833 -0.5791 0.2259
1.9027 8.894 -1.3137 1.1092 -0.6675 0.6549 0.4154 -0.6313
0.9169 8.1246 -0.1018 0.509 -0.7786 0.8167 -0.1857 0.5463
0.3982 7.8747 0.5886 0.1939 -0.7797 0.6777 0.2735 0.6825
0.4499 7.6052 0.4198 0.224 -0.8886 0.7833 -0.5791 0.2259
0.7206 8.0666 -0.3704 0.5624 -0.9245 -0.1702 -0.6252 -0.7617
1.9027 8.894 -1.3137 1.1092 -0.6675 0.6549 0.4154 -0.6313
0.2577 7.5475 0.1591 0.2646 -0.9965 0.1954 -0.8227 -0.5339
0.7206 8.0666 -0.3704 0.5624 -0.9245 -0.1702 -0.6252 -0.7617
0.0015 7.7583 0.0433 0.3134 -1.1096 -0.5285 -0.1195 -0.8405
1.9027 8.894 -1.3137 1.1092 -0.6675 0.6549 0.4154 -0.6313
0.7206 8.0666 -0.3704 0.5624 -0.9245 -0.1702 -0.6252 -0.7617
0.2577 7.5475 0.1591 0.2646 -0.9965 0.1954 -0.8227 -0.5339
0.0015 7.7583 0.0433 0.3134 -1.1096 -0.5285 -0.1195 -0.8405
0.6266 8.232 -0.3394 0.5984 -0.9986 -0.6781 0.393 -0.6211
1.9027 8.894 -1.3137 1.1092 -0.6675 0.6549 0.4154 -0.6313
0.0015 7.7583 0.0433 0.3134 -1.1096 -0.5285 -0.1195 -0.8405
0.6266 8.232 -0.3394 0.5984 -0.9986 -0.6781 0.393 -0.6211
-0.0245 8.0437 0.2522 0.3727 -1.2188 -0.5721 0.7684 -0.2868
1.9027 8.894 -1.3137 1.1092 -0.6675 0.6549 0.4154 -0.6313
0.6266 8.232 -0.3394 0.5984 -0.9986 -0.6781 0.393 -0.6211
0.0015 7.7583 0.0433 0.3134 -1.1096 -0.5285 -0.1195 -0.8405
-0.0245 8.0437 0.2522 0.3727 -1.2188 -0.5721 0.7684 -0.2868
2.1741 4.8257 0.03 1.6489 -1.2068 0.2929 0.9092 -0.296
3.1132 4.1874 -1.0014 1.1122 -1.2387 0.6558 -0.3112 -0.6878
1.6008 5.149 0.4558 1.9218 -1.2387 0.0016 0.8354 -0.5496
2.1741 4.8257 0.03 1.6489 -1.2068 0.2929 0.9092 -0.296
1.8084 5.1407 0.6355 1.9126 -1.1429 0.6515 0.7544 0.08
3.1132 4.1874 -1.0014 1.1122 -1.2387 0.6558 -0.3112 -0.6878
2.1741 4.8257 0.03 1.6489 -1.2068 0.2929 0.9092 -0.296
1.6008 5.149 0.4558 1.9218 -1.2387 0.0016 0.8354 -0.5496
1.8084 5.1407 0.6355 1.9126 -1.1429 0.6515 0.7544 0.08
2.2116 4.5745 0.1451 1.6159 -1.0775 0.5132 -0.6057 0.6081
3.1132 4.1874 -1.0014 1.1122 -1.2387 0.6558 -0.3112 -0.6878
1.8457 4.8794 0.7575 1.8858 -1.0445 0.7785 -0.1332 0.6134
2.2116 4.5745 0.1451 1.6159 -1.0775 0.5132 -0.6057 0.6081
1.6758 4.6568 0.6792 1.8498 -0.9492 0.226 -0.8708 0.4365
3.1132 4.1874 -1.0014 1.1122 -1.2387 0.6558 -0.3112 -0.6878
2.2116 4.5745 0.1451 1.6159 -1.0775 0.5132 -0.6057 0.6081
1.8457 4.8794 0.7575 1.8858 -1.0445 0.7785 -0.1332 0.6134
1.6758 4.6568 0.6792 1.8498 -0.9492 0.226 -0.8708 0.4365
2.0484 4.7644 -0.0629 1.5145 -0.8831 -0.2938 0.6288 -0.7199
3.1132 4.1874 -1.0014 1.1122 -1.2387 0.6558 -0.3112 -0.6878
1.4314 4.9568 0.357 1.7455 -0.743 -0.5359 0.2515 -0.806
2.0484 4.7644 -0.0629 1.5145 -0.8831 -0.2938 0.6288 -0.7199
1.6008 5.149 0.4558 1.6858 -0.6675 0.0016 0.8354 -0.5496
3.1132 4.1874 -1.0014 1.1122 -1.2387 0.6558 -0.3112 -0.6878
2.0484 4.7644 -0.0629 1.5145 -0.8831 -0.2938 0.6288 -0.7199
1.4314 4.9568 0.357 1.7455 -0.743 -0.5359 0.2515 -0.806
1.6008 5.149 0.4558 1.6858 -0.6675 0.0016 0.8354 -0.5496
2.2558 4.7358 0.1306 1.6369 -1.142 0.8223 0.3329 0.4616
3.1132 4.1874 -1.0014 1.1122 -1.2387 0.6558 -0.3112 -0.6878
1.8084 5.1407 0.6355 1.9126 -1.1429 0.6515 0.7544 0.08
2.2558 4.7358 0.1306 1.6369 -1.142 0.8223 0.3329 0.4616
1.8457 4.8794 0.7575 1.8858 -1.0445 0.7785 -0.1332 0.6134
3.1132 4.1874 -1.0014 1.1122 -1.2387 0.6558 -0.3112 -0.6878
2.2558 4.7358 0.1306 1.6369 -1.142 0.8223 0.3329 0.4616
1.8084 5.1407 0.6355 1.9126 -1.1429 0.6515 0.7544 0.08
1.8457 4.8794 0.7575 1.8858 -1.0445 0.7785 -0.1332 0.6134
2.0736 4.4957 0.0446 1.5883 -1.0103 -0.109 -0.9776 0.1799
3.1132 4.1874 -1.0014 1.1122 -1.2387 0.6558 -0.3112 -0.6878
1.6758 4.6568 0.6792 1.8498 -0.9492 0.226 -0.8708 0.4365
2.0736 4.4957 0.0446 1.5883 -1.0103 -0.109 -0.9776 0.1799
1.4316 4.643 0.4559 1.8029 -0.843 -0.5244 -0.7695 -0.3645
3.1132 4.1874 -1.0014 1.1122 -1.2387 0.6558 -0.3112 -0.6878
2.0736 4.4957 0.0446 1.5883 -1.0103 -0.109 -0.9776 0.1799
1.6758 4.6568 0.6792 1.8498 -0.9492 0.226 -0.8708 0.4365
1.4316 4.643 0.4559 1.8029 -0.843 -0.5244 -0.7695 -0.3645
1.9921 4.5957 -0.0628 1.5535 -0.9416 -0.6722 -0.223 -0.706
3.1132 4.1874 -1.0014 1.1122 -1.2387 0.6558 -0.3112 -0.6878
1.4316 4.643 0.4559 1.8029 -0.843 -0.5244 -0.7695 -0.3645
1.9921 4.5957 -0.0628 1.5535 -0.9416 -0.6722 -0.223 -0.706
1.4314 4.9568 0.357 1.7455 -0.743 -0.5359 0.2515 -0.806
3.1132 4.1874 -1.0014 1.1122 -1.2387 0.6558 -0.3112 -0.6878
1.9921 4.5957 -0.0628 1.5535 -0.9416 -0.6722 -0.223 -0.706
1.4316 4.643 0.4559 1.8029 -0.843 -0.5244 -0.7695 -0.3645
1.4314 4.9568 0.357 1.7455 -0.743 -0.5359 0.2515 -0.806
1.85 5.6558 0.8908 2.1471 0.45 0.8809 -0.009 -0.4733
2.2213 6.9438 1.5574 2.4341 0.0108 0.3388 0.8538 0.3952
1.7217 4.9337 0.6659 2.0453 0.6989 0.973 -0.2291 -0.0286
1.85 5.6558 0.8908 2.1471 0.45 0.8809 -0.009 -0.4733
1.6069 5.0899 0.4492 1.9618 0.6404 0.6483 0.2207 -0.7287
2.2213 6.9438 1.5574 2.4341 0.0108 0.3388 0.8538 0.3952
1.85 5.6558 0.8908 2.1471 0.45 0.8809 -0.009 -0.4733
1.7217 4.9337 0.6659 2.0453 0.6989 0.973 -0.2291 -0.0286
1.6069 5.0899 0.4492 1.9618 0.6404 0.6483 0.2207 -0.7287
1.6057 5.7758 0.9043 2.3986 0.5259 -0.8873 0.4609 0.012
2.2213 6.9438 1.5574 2.4341 0.0108 0.3388 0.8538 0.3952
1.3246 5.2469 0.4378 2.4341 0.7896 -0.4152 0.6436 -0.6429
1.6057 5.7758 0.9043 2.3986 0.5259 -0.8873 0.4609 0.012
1.2711 5.1365 0.7178 2.3277 0.7772 -0.9026 0.3958 0.1696
2.2213 6.9438 1.5574 2.4341 0.0108 0.3388 0.8538 0.3952
1.6057 5.7758 0.9043 2.3986 0.5259 -0.8873 0.4609 0.012
1.3246 5.2469 0.4378 2.4341 0.7896 -0.4152 0.6436 -0.6429
1.2711 5.1365 0.7178 2.3277 0.7772 -0.9026 0.3958 0.1696
1.839 5.5919 1.0456 2.2062 0.4827 0.8135 -0.3925 0.4292
2.2213 6.9438 1.5574 2.4341 0.0108 0.3388 0.8538 0.3952
1.5739 4.8982 0.9136 2.1392 0.7385 0.4776 -0.3977 0.7834
1.839 5.5919 1.0456 2.2062 0.4827 0.8135 -0.3925 0.4292
1.7217 4.9337 0.6659 2.0453 0.6989 0.973 -0.2291 -0.0286
2.2213 6.9438 1.5574 2.4341 0.0108 0.3388 0.8538 0.3952
1.839 5.5919 1.0456 2.2062 0.4827 0.8135 -0.3925 0.4292
1.5739 4.8982 0.9136 2.1392 0.7385 0.4776 -0.3977 0.7834
1.7217 4.9337 0.6659 2.0453 0.6989 0.973 -0.2291 -0.0286
1.7176 5.7602 0.8148 2.0926 0.4037 0.2716 0.4259 -0.8631
2.2213 6.9438 1.5574 2.4341 0.0108 0.3388 0.8538 0.3952
1.6069 5.0899 0.4492 1.9618 0.6404 0.6483 0.2207 -0.7287
1.7176 5.7602 0.8148 2.0926 0.4037 0.2716 0.4259 -0.8631
1.3246 5.2469 0.4378 1.882 0.56 -0.4152 0.6436 -0.6429
2.2213 6.9438 1.5574 2.4341 0.0108 0.3388 0.8538 0.3952
1.7176 5.7602 0.8148 2.0926 0.4037 0.2716 0.4259 -0.8631
1.6069 5.0899 0.4492 1.9618 0.6404 0.6483 0.2207 -0.7287
1.3246 5.2469 0.4378 1.882 0.56 -0.4152 0.6436 -0.6429
1.6012 5.6997 1.0733 2.3334 0.5168 -0.8913 0.3187 0.3226
2.2213 6.9438 1.5574 2.4341 0.0108 0.3388 0.8538 0.3952
1.2711 5.1365 0.7178 2.3277 0.7772 -0.9026 0.3958 0.1696
1.6012 5.6997 1.0733 2.3334 0.5168 -0.8913 0.3187 0.3226
1.3112 5.0188 0.9447 2.2382 0.7623 -0.5615 0.0021 0.8275
2.2213 6.9438 1.5574 2.4341 0.0108 0.3388 0.8538 0.3952
1.6012 5.6997 1.0733 2.3334 0.5168 -0.8913 0.3187 0.3226
1.2711 5.1365 0.7178 2.3277 0.7772 -0.9026 0.3958 0.1696
1.3112 5.0188 0.9447 2.2382 0.7623 -0.5615 0.0021 0.8275
1.7021 5.6203 1.1386 2.2705 0.5038 -0.0218 -0.2938 0.9556
2.2213 6.9438 1.5574 2.4341 0.0108 0.3388 0.8538 0.3952
1.3112 5.0188 0.9447 2.2382 0.7623 -0.5615 0.0021 0.8275
1.7021 5.6203 1.1386 2.2705 0.5038 -0.0218 -0.2938 0.9556
1.5739 4.8982 0.9136 2.1392 0.7385 0.4776 -0.3977 0.7834
2.2213 6.9438 1.5574 2.4341 0.0108 0.3388 0.8538 0.3952
1.7021 5.6203 1.1386 2.2705 0.5038 -0.0218 -0.2938 0.9556
1.3112 5.0188 0.9447 2.2382 0.7623 -0.5615 0.0021 0.8275
1.5739 4.8982 0.9136 2.1392 0.7385 0.4776 -0.3977 0.7834
-0.5588 6.5944 -0.7 2.5519 0.5625 0.8854 0.0059 -0.4648
-0.387 7.7624 -0.3579 2.5853 0.133 0.2195 0.9487 0.2276
-0.6016 5.9518 -0.7899 2.5713 0.7896 0.9905 -0.129 0.0484
-0.5588 6.5944 -0.7 2.5519 0.5625 0.8854 0.0059 -0.4648
-0.6877 6.0689 -0.9523 2.499 0.765 0.4937 0.2086 -0.8442
-0.387 7.7624 -0.3579 2.5853 0.133 0.2195 0.9487 0.2276
-0.5588 6.5944 -0.7 2.5519 0.5625 0.8854 0.0059 -0.4648
-0.6016 5.9518 -0.7899 2.5713 0.7896 0.9905 -0.129 0.0484
-0.6877 6.0689 -0.9523 2.499 0.765 0.4937 0.2086 -0.8442
-0.7576 6.6775 -0.65 2.7392 0.5181 -0.5306 0.3846 -0.7554
-0.387 7.7624 -0.3579 2.5853 0.133 0.2195 0.9487 0.2276
-0.8508 6.1265 -0.865 2.8531 0.6943 -0.4296 0.3763 -0.8209
-0.7576 6.6775 -0.65 2.7392 0.5181 -0.5306 0.3846 -0.7554
-1.0349 6.1436 -0.727 2.7791 0.7269 -0.898 0.2825 0.3373
-0.387 7.7624 -0.3579 2.5853 0.133 0.2195 0.9487 0.2276
-0.7576 6.6775 -0.65 2.7392 0.5181 -0.5306 0.3846 -0.7554
-0.8508 6.1265 -0.865 2.8531 0.6943 -0.4296 0.3763 -0.8209
-1.0349 6.1436 -0.727 2.7791 0.7269 -0.898 0.2825 0.3373
-0.5659 6.5461 -0.5824 2.6017 0.5707 0.8641 -0.2114 0.4567
-0.387 7.7624 -0.3579 2.5853 0.133 0.2195 0.9487 0.2276
-0.7092 5.924 -0.5994 2.6486 0.7896 0.358 -0.183 0.9156
-0.5659 6.5461 -0.5824 2.6017 0.5707 0.8641 -0.2114 0.4567
-0.6016 5.9518 -0.7899 2.5713 0.7896 0.9905 -0.129 0.0484
-0.387 7.7624 -0.3579 2.5853 0.133 0.2195 0.9487 0.2276
-0.5659 6.5461 -0.5824 2.6017 0.5707 0.8641 -0.2114 0.4567
-0.7092 5.924 -0.5994 2.6486 0.7896 0.358 -0.183 0.9156
-0.6016 5.9518 -0.7899 2.5713 0.7896 0.9905 -0.129 0.0484
-0.6418 6.6526 -0.7251 2.5071 0.545 -0.3358 0.3645 -0.8686
-0.387 7.7624 -0.3579 2.5853 0.133 0.2195 0.9487 0.2276
-0.6877 6.0689 -0.9523 2.499 0.765 0.4937 0.2086 -0.8442
-0.6418 6.6526 -0.7251 2.5071 0.545 -0.3358 0.3645 -0.8686
-0.8508 6.1265 -0.865 2.4371 0.737 -0.4296 0.3763 -0.8209
-0.387 7.7624 -0.3579 2.5853 0.133 0.2195 0.9487 0.2276
-0.6418 6.6526 -0.7251 2.5071 0.545 -0.3358 0.3645 -0.8686
-0.6877 6.0689 -0.9523 2.499 0.765 0.4937 0.2086 -0.8442
-0.8508 6.1265 -0.865 2.4371 0.737 -0.4296 0.3763 -0.8209
-0.7655 6.6407 -0.5852 2.6931 0.5415 -0.3733 -0.0616 0.9257
-0.387 7.7624 -0.3579 2.5853 0.133 0.2195 0.9487 0.2276
-1.0349 6.1436 -0.727 2.7791 0.7269 -0.898 0.2825 0.3373
-0.7655 6.6407 -0.5852 2.6931 0.5415 -0.3733 -0.0616 0.9257
-0.8747 6.0161 -0.6708 2.715 0.7647 -0.3991 -0.0526 0.9154
-0.387 7.7624 -0.3579 2.5853 0.133 0.2195 0.9487 0.2276
-0.7655 6.6407 -0.5852 2.6931 0.5415 -0.3733 -0.0616 0.9257
-1.0349 6.1436 -0.727 2.7791 0.7269 -0.898 0.2825 0.3373
-0.8747 6.0161 -0.6708 2.715 0.7647 -0.3991 -0.0526 0.9154
-0.6569 6.5675 -0.5427 2.6496 0.5624 -0.4175 -0.046 0.9075
-0.387 7.7624 -0.3579 2.5853 0.133 0.2195 0.9487 0.2276
-0.8747 6.0161 -0.6708 2.715 0.7647 -0.3991 -0.0526 0.9154
-0.6569 6.5675 -0.5427 2.6496 0.5624 -0.4175 -0.046 0.9075
-0.7092 5.924 -0.5994 2.6486 0.7896 0.358 -0.183 0.9156
-0.387 7.7624 -0.3579 2.5853 0.133 0.2195 0.9487 0.2276
-0.6569 6.5675 -0.5427 2.6496 0.5624 -0.4175 -0.046 0.9075
-0.8747 6.0161 -0.6708 2.715 0.7647 -0.3991 -0.0526 0.9154
-0.7092 5.924 -0.5994 2.6486 0.7896 0.358 -0.183 0.9156
-0.8659 6.2428 -1.7375 0.5391 -1.4984 -0.1057 0.9574 -0.2689
-0.4203 5.9489 -2.9593 0.1834 -1.8016 0.3199 -0.1224 -0.9395
-1.2084 6.3671 -1.1603 0.7467 -1.3796 -0.5386 0.7375 -0.4074
-0.8659 6.2428 -1.7375 0.5391 -1.4984 -0.1057 0.9574 -0.2689
-0.9691 6.4125 -1.0929 0.6871 -1.3141 0.2932 0.9445 -0.1484
-0.4203 5.9489 -2.9593 0.1834 -1.8016 0.3199 -0.1224 -0.9395
-0.8659 6.2428 -1.7375 0.5391 -1.4984 -0.1057 0.9574 -0.2689
-1.2084 6.3671 -1.1603 0.7467 -1.3796 -0.5386 0.7375 -0.4074
-0.9691 6.4125 -1.0929 0.6871 -1.3141 0.2932 0.9445 -0.1484
-0.7094 6.0712 -1.685 0.6335 -1.7068 0.7028 -0.6751 0.2243
-0.4203 5.9489 -2.9593 0.1834 -1.8016 0.3199 -0.1224 -0.9395
-0.7658 6.2299 -1.0307 0.8703 -1.7044 0.9825 0.0901 0.1629
-0.7094 6.0712 -1.685 0.6335 -1.7068 0.7028 -0.6751 0.2243
-0.9422 6.0349 -1.0649 0.8469 -1.6144 0.5656 -0.8019 0.1923
-0.4203 5.9489 -2.9593 0.1834 -1.8016 0.3199 -0.1224 -0.9395
-0.7094 6.0712 -1.685 0.6335 -1.7068 0.7028 -0.6751 0.2243
-0.7658 6.2299 -1.0307 0.8703 -1.7044 0.9825 0.0901 0.1629
-0.9422 6.0349 -1.0649 0.8469 -1.6144 0.5656 -0.8019 0.1923
-0.9739 6.1484 -1.7646 0.5738 -1.5458 -0.837 0.323 -0.4418
-0.4203 5.9489 -2.9593 0.1834 -1.8016 0.3199 -0.1224 -0.9395
-1.2929 6.1293 -1.1741 0.7914 -1.4561 -0.8929 -0.1617 -0.4202
-0.9739 6.1484 -1.7646 0.5738 -1.5458 -0.837 0.323 -0.4418
-1.2084 6.3671 -1.1603 0.7467 -1.3796 -0.5386 0.7375 -0.4074
-0.4203 5.9489 -2.9593 0.1834 -1.8016 0.3199 -0.1224 -0.9395
-0.9739 6.1484 -1.7646 0.5738 -1.5458 -0.837 0.323 -0.4418
-1.2929 6.1293 -1.1741 0.7914 -1.4561 -0.8929 -0.1617 -0.4202
-1.2084 6.3671 -1.1603 0.7467 -1.3796 -0.5386 0.7375 -0.4074
-0.7184 6.1971 -1.6943 0.646 -1.7692 0.6663 0.7456 0.0107
-0.4203 5.9489 -2.9593 0.1834 -1.8016 0.3199 -0.1224 -0.9395
-0.9691 6.4125 -1.0929 0.8844 -1.8016 0.2932 0.9445 -0.1484
-0.7184 6.1971 -1.6943 0.646 -1.7692 0.6663 0.7456 0.0107
-0.7658 6.2299 -1.0307 0.8703 -1.7044 0.9825 0.0901 0.1629
-0.4203 5.9489 -2.9593 0.1834 -1.8016 0.3199 -0.1224 -0.9395
-0.7184 6.1971 -1.6943 0.646 -1.7692 0.6663 0.7456 0.0107
-0.9691 6.4125 -1.0929 0.8844 -1.8016 0.2932 0.9445 -0.1484
-0.7658 6.2299 -1.0307 0.8703 -1.7044 0.9825 0.0901 0.1629
-0.8335 5.9735 -1.7149 0.6179 -1.6516 0.4076 -0.9002 0.1532
-0.4203 5.9489 -2.9593 0.1834 -1.8016 0.3199 -0.1224 -0.9395
-0.9422 6.0349 -1.0649 0.8469 -1.6144 0.5656 -0.8019 0.1923
-0.8335 5.9735 -1.7149 0.6179 -1.6516 0.4076 -0.9002 0.1532
-1.1381 5.9368 -1.1205 0.8234 -1.5388 -0.2149 -0.9724 -0.0903
-0.4203 5.9489 -2.9593 0.1834 -1.8016 0.3199 -0.1224 -0.9395
-0.8335 5.9735 -1.7149 0.6179 -1.6516 0.4076 -0.9002 0.1532
-0.9422 6.0349 -1.0649 0.8469 -1.6144 0.5656 -0.8019 0.1923
-1.1381 5.9368 -1.1205 0.8234 -1.5388 -0.2149 -0.9724 -0.0903
-0.9504 6.005 -1.7513 0.5994 -1.5988 -0.7081 -0.6479 -0.2807
-0.4203 5.9489 -2.9593 0.1834 -1.8016 0.3199 -0.1224 -0.9395
-1.1381 5.9368 -1.1205 0.8234 -1.5388 -0.2149 -0.9724 -0.0903
-0.9504 6.005 -1.7513 0.5994 -1.5988 -0.7081 -0.6479 -0.2807
-1.2929 6.1293 -1.1741 0.7914 -1.4561 -0.8929 -0.1617 -0.4202
-0.4203 5.9489 -2.9593 0.1834 -1.8016 0.3199 -0.1224 -0.9395
-0.9504 6.005 -1.7513 0.5994 -1.5988 -0.7081 -0.6479 -0.2807
-1.1381 5.9368 -1.1205 0.8234 -1.5388 -0.2149 -0.9724 -0.0903
-1.2929 6.1293 -1.1741 0.7914 -1.4561 -0.8929 -0.1617 -0.4202
-1.4866 7.0558 -1.1718 2.2088 -1.6145 0.585 0.5701 0.5768
-2.1822 7.8218 -1.2234 1.9248 -1.8408 -0.5874 0.8091 -0.0188
-1.1788 6.6371 -1.07 2.372 -1.5262 0.3522 0.4074 0.8426
-1.4866 7.0558 -1.1718 2.2088 -1.6145 0.585 0.5701 0.5768
-1.0986 6.7085 -1.2219 2.3296 -1.4766 0.6912 0.6724 -0.2649
-2.1822 7.8218 -1.2234 1.9248 -1.8408 -0.5874 0.8091 -0.0188
-1.4866 7.0558 -1.1718 2.2088 -1.6145 0.585 0.5701 0.5768
-1.1788 6.6371 -1.07 2.372 -1.5262 0.3522 0.4074 0.8426
-1.0986 6.7085 -1.2219 2.3296 -1.4766 0.6912 0.6724 -0.2649
-1.587 6.9955 -1.2966 2.2776 -1.7811 0.5124 0.4348 -0.7405
-2.1822 7.8218 -1.2234 1.9248 -1.8408 -0.5874 0.8091 -0.0188
-1.232 6.6105 -1.277 2.4613 -1.7802 0.3714 0.3298 -0.8679
-1.587 6.9955 -1.2966 2.2776 -1.7811 0.5124 0.4348 -0.7405
-1.3468 6.5541 -1.3895 2.4467 -1.7223 -0.1554 0.027 -0.9875
-2.1822 7.8218 -1.2234 1.9248 -1.8408 -0.5874 0.8091 -0.0188
-1.587 6.9955 -1.2966 2.2776 -1.7811 0.5124 0.4348 -0.7405
-1.232 6.6105 -1.277 2.4613 -1.7802 0.3714 0.3298 -0.8679
-1.3468 6.5541 -1.3895 2.4467 -1.7223 -0.1554 0.027 -0.9875
-1.5671 6.9974 -1.1114 2.2338 -1.651 0.062 0.1796 0.9818
-2.1822 7.8218 -1.2234 1.9248 -1.8408 -0.5874 0.8091 -0.0188
-1.3402 6.5332 -1.0408 2.4045 -1.5859 -0.3993 -0.1324 0.9072
-1.5671 6.9974 -1.1114 2.2338 -1.651 0.062 0.1796 0.9818
-1.1788 6.6371 -1.07 2.372 -1.5262 0.3522 0.4074 0.8426
-2.1822 7.8218 -1.2234 1.9248 -1.8408 -0.5874 0.8091 -0.0188
-1.5671 6.9974 -1.1114 2.2338 -1.651 0.062 0.1796 0.9818
-1.3402 6.5332 -1.0408 2.4045 -1.5859 -0.3993 -0.1324 0.9072
-1.1788 6.6371 -1.07 2.372 -1.5262 0.3522 0.4074 0.8426
-1.5043 7.0469 -1.2408 2.2851 -1.8206 0.2288 0.2215 -0.9479
-2.1822 7.8218 -1.2234 1.9248 -1.8408 -0.5874 0.8091 -0.0188
-1.0986 6.7085 -1.2219 2.4693 -1.8408 0.6912 0.6724 -0.2649
-1.5043 7.0469 -1.2408 2.2851 -1.8206 0.2288 0.2215 -0.9479
-1.232 6.6105 -1.277 2.4613 -1.7802 0.3714 0.3298 -0.8679
-2.1822 7.8218 -1.2234 1.9248 -1.8408 -0.5874 0.8091 -0.0188
-1.5043 7.0469 -1.2408 2.2851 -1.8206 0.2288 0.2215 -0.9479
-1.0986 6.7085 -1.2219 2.4693 -1.8408 0.6912 0.6724 -0.2649
-1.232 6.6105 -1.277 2.4613 -1.7802 0.3714 0.3298 -0.8679
-1.6532 6.9536 -1.278 2.2668 -1.7391 -0.7359 -0.4148 -0.5351
-2.1822 7.8218 -1.2234 1.9248 -1.8408 -0.5874 0.8091 -0.0188
-1.3468 6.5541 -1.3895 2.4467 -1.7223 -0.1554 0.027 -0.9875
-1.6532 6.9536 -1.278 2.2668 -1.7391 -0.7359 -0.4148 -0.5351
-1.4304 6.485 -1.221 2.4289 -1.6543 -0.8716 -0.4902 -0.0025
-2.1822 7.8218 -1.2234 1.9248 -1.8408 -0.5874 0.8091 -0.0188
-1.6532 6.9536 -1.278 2.2668 -1.7391 -0.7359 -0.4148 -0.5351
-1.3468 6.5541 -1.3895 2.4467 -1.7223 -0.1554 0.027 -0.9875
-1.4304 6.485 -1.221 2.4289 -1.6543 -0.8716 -0.4902 -0.0025
-1.651 6.9467 -1.1617 2.2527 -1.6937 -0.7583 -0.4256 0.4938
-2.1822 7.8218 -1.2234 1.9248 -1.8408 -0.5874 0.8091 -0.0188
-1.4304 6.485 -1.221 2.4289 -1.6543 -0.8716 -0.4902 -0.0025
-1.651 6.9467 -1.1617 2.2527 -1.6937 -0.7583 -0.4256 0.4938
-1.3402 6.5332 -1.0408 2.4045 -1.5859 -0.3993 -0.1324 0.9072
-2.1822 7.8218 -1.2234 1.9248 -1.8408 -0.5874 0.8091 -0.0188
-1.651 6.9467 -1.1617 2.2527 -1.6937 -0.7583 -0.4256 0.4938
-1.4304 6.485 -1.221 2.4289 -1.6543 -0.8716 -0.4902 -0.0025
-1.3402 6.5332 -1.0408 2.4045 -1.5859 -0.3993 -0.1324 0.9072
-1.109 7.873 1.6364 2.7421 -0.8046 0.619 0.6047 0.5012
-1.8009 8.6285 1.5794 2.4591 -1.0265 -0.6083 0.7936 -0.0142
-0.8001 7.4634 1.7491 2.9055 -0.7197 0.3231 0.4022 0.8567
-1.109 7.873 1.6364 2.7421 -0.8046 0.619 0.6047 0.5012
-0.726 7.5271 1.5808 2.8617 -0.6675 0.7154 0.6981 0.0297
-1.8009 8.6285 1.5794 2.4591 -1.0265 -0.6083 0.7936 -0.0142
-1.109 7.873 1.6364 2.7421 -0.8046 0.619 0.6047 0.5012
-0.8001 7.4634 1.7491 2.9055 -0.7197 0.3231 0.4022 0.8567
-0.726 7.5271 1.5808 2.8617 -0.6675 0.7154 0.6981 0.0297
-1.1818 7.8336 1.4947 2.8076 -0.9623 -0.4125 -0.2272 -0.8822
-1.8009 8.6285 1.5794 2.4591 -1.0265 -0.6083 0.7936 -0.0142
-0.8131 7.4818 1.4129 2.9885 -0.959 0.1756 0.288 -0.9414
-1.1818 7.8336 1.4947 2.8076 -0.9623 -0.4125 -0.2272 -0.8822
-0.9315 7.3905 1.4917 2.9753 -0.9013 -0.4383 -0.2466 -0.8644
-1.8009 8.6285 1.5794 2.4591 -1.0265 -0.6083 0.7936 -0.0142
-1.1818 7.8336 1.4947 2.8076 -0.9623 -0.4125 -0.2272 -0.8822
-0.8131 7.4818 1.4129 2.9885 -0.959 0.1756 0.288 -0.9414
-0.9315 7.3905 1.4917 2.9753 -0.9013 -0.4383 -0.2466 -0.8644
-1.1874 7.8155 1.6926 2.7673 -0.8421 -0.0607 0.0926 0.9939
-1.8009 8.6285 1.5794 2.4591 -1.0265 -0.6083 0.7936 -0.0142
-0.9612 7.3544 1.7494 2.9374 -0.78 -0.4489 -0.1791 0.8754
-1.1874 7.8155 1.6926 2.7673 -0.8421 -0.0607 0.0926 0.9939
-0.8001 7.4634 1.7491 2.9055 -0.7197 0.3231 0.4022 0.8567
-1.8009 8.6285 1.5794 2.4591 -1.0265 -0.6083 0.7936 -0.0142
-1.1874 7.8155 1.6926 2.7673 -0.8421 -0.0607 0.0926 0.9939
-0.9612 7.3544 1.7494 2.9374 -0.78 -0.4489 -0.1791 0.8754
-0.8001 7.4634 1.7491 2.9055 -0.7197 0.3231 0.4022 0.8567
-1.1134 7.8791 1.5244 2.8154 -1.004 0.6248 0.6091 -0.4885
-1.8009 8.6285 1.5794 2.4591 -1.0265 -0.6083 0.7936 -0.0142
-0.726 7.5271 1.5808 2.9985 -1.0265 0.7154 0.6981 0.0297
-1.1134 7.8791 1.5244 2.8154 -1.004 0.6248 0.6091 -0.4885
-0.8131 7.4818 1.4129 2.9885 -0.959 0.1756 0.288 -0.9414
-1.8009 8.6285 1.5794 2.4591 -1.0265 -0.6083 0.7936 -0.0142
-1.1134 7.8791 1.5244 2.8154 -1.004 0.6248 0.6091 -0.4885
-0.726 7.5271 1.5808 2.9985 -1.0265 0.7154 0.6981 0.0297
-0.8131 7.4818 1.4129 2.9885 -0.959 0.1756 0.288 -0.9414
-1.2602 7.776 1.5509 2.7979 -0.9241 -0.4639 -0.2659 -0.8451
-1.8009 8.6285 1.5794 2.4591 -1.0265 -0.6083 0.7936 -0.0142
-0.9315 7.3905 1.4917 2.9753 -0.9013 -0.4383 -0.2466 -0.8644
-1.2602 7.776 1.5509 2.7979 -0.9241 -0.4639 -0.2659 -0.8451
-1.0483 7.3091 1.5814 2.9594 -0.8445 -0.8497 -0.485 -0.2069
-1.8009 8.6285 1.5794 2.4591 -1.0265 -0.6083 0.7936 -0.0142
-1.2602 7.776 1.5509 2.7979 -0.9241 -0.4639 -0.2659 -0.8451
-0.9315 7.3905 1.4917 2.9753 -0.9013 -0.4383 -0.2466 -0.8644
-1.0483 7.3091 1.5814 2.9594 -0.8445 -0.8497 -0.485 -0.2069
-1.2701 7.764 1.6368 2.7853 -0.8837 -0.7503 -0.4272 0.5045
-1.8009 8.6285 1.5794 2.4591 -1.0265 -0.6083 0.7936 -0.0142
-1.0483 7.3091 1.5814 2.9594 -0.8445 -0.8497 -0.485 -0.2069
-1.2701 7.764 1.6368 2.7853 -0.8837 -0.7503 -0.4272 0.5045
-0.9612 7.3544 1.7494 2.9374 -0.78 -0.4489 -0.1791 0.8754
-1.8009 8.6285 1.5794 2.4591 -1.0265 -0.6083 0.7936 -0.0142
-1.2701 7.764 1.6368 2.7853 -0.8837 -0.7503 -0.4272 0.5045
-1.0483 7.3091 1.5814 2.9594 -0.8445 -0.8497 -0.485 -0.2069
-0.9612 7.3544 1.7494 2.9374 -0.78 -0.4489 -0.1791 0.8754
-0.3913 7.4683 1.8542 2.4589 1.148 -0.0064 -0.6885 0.7252
-0.1162 8.3882 2.73 2.8786 0.9709 0.1666 0.6583 0.7341
-0.6335 7.0234 1.4296 2.2628 1.2714 -0.6338 -0.394 0.6657
-0.3913 7.4683 1.8542 2.4589 1.148 -0.0064 -0.6885 0.7252
-0.4242 6.9934 1.403 2.2354 1.2018 0.0971 -0.6972 0.7103
-0.1162 8.3882 2.73 2.8786 0.9709 0.1666 0.6583 0.7341
-0.3913 7.4683 1.8542 2.4589 1.148 -0.0064 -0.6885 0.7252
-0.6335 7.0234 1.4296 2.2628 1.2714 -0.6338 -0.394 0.6657
-0.4242 6.9934 1.403 2.2354 1.2018 0.0971 -0.6972 0.7103
-0.192 7.5422 1.7753 2.4375 1.0487 0.9941 0.029 -0.1047
-0.1162 8.3882 2.73 2.8786 0.9709 0.1666 0.6583 0.7341
-0.2193 7.0248 1.3724 2.2221 1.1296 0.7755 -0.474 0.4171
-0.192 7.5422 1.7753 2.4375 1.0487 0.9941 0.029 -0.1047
-0.2405 7.2136 1.2235 2.2118 1.0456 0.7312 0.5074 -0.4559
-0.1162 8.3882 2.73 2.8786 0.9709 0.1666 0.6583 0.7341
-0.192 7.5422 1.7753 2.4375 1.0487 0.9941 0.029 -0.1047
-0.2193 7.0248 1.3724 2.2221 1.1296 0.7755 -0.474 0.4171
-0.2405 7.2136 1.2235 2.2118 1.0456 0.7312 0.5074 -0.4559
-0.4681 7.5413 1.8134 2.4832 1.195 -0.9571 0.1055 0.27
-0.1162 8.3882 2.73 2.8786 0.9709 0.1666 0.6583 0.7341
-0.6547 7.2122 1.2807 2.3082 1.3427 -0.825 0.548 -0.1381
-0.4681 7.5413 1.8134 2.4832 1.195 -0.9571 0.1055 0.27
-0.6335 7.0234 1.4296 2.2628 1.2714 -0.6338 -0.394 0.6657
-0.1162 8.3882 2.73 2.8786 0.9709 0.1666 0.6583 0.7341
-0.4681 7.5413 1.8134 2.4832 1.195 -0.9571 0.1055 0.27
-0.6547 7.2122 1.2807 2.3082 1.3427 -0.825 0.548 -0.1381
-0.6335 7.0234 1.4296 2.2628 1.2714 -0.6338 -0.394 0.6657
-0.2532 7.4688 1.8351 2.4454 1.1008 0.2091 -0.6979 0.685
-0.1162 8.3882 2.73 2.8786 0.9709 0.1666 0.6583 0.7341
-0.4242 6.9934 1.403 2.2354 1.2018 0.0971 -0.6972 0.7103
-0.2532 7.4688 1.8351 2.4454 1.1008 0.2091 -0.6979 0.685
-0.2193 7.0248 1.3724 2.2221 1.1296 0.7755 -0.474 0.4171
-0.1162 8.3882 2.73 2.8786 0.9709 0.1666 0.6583 0.7341
-0.2532 7.4688 1.8351 2.4454 1.1008 0.2091 -0.6979 0.685
-0.4242 6.9934 1.403 2.2354 1.2018 0.0971 -0.6972 0.7103
-0.2193 7.0248 1.3724 2.2221 1.1296 0.7755 -0.474 0.4171
-0.2694 7.6175 1.723 2.4316 0.9958 0.1594 0.7721 -0.6152
-0.1162 8.3882 2.73 2.8786 0.9709 0.1666 0.6583 0.7341
-0.2405 7.2136 1.2235 2.2118 1.0456 0.7312 0.5074 -0.4559
-0.2694 7.6175 1.723 2.4316 0.9958 0.1594 0.7721 -0.6152
-0.4514 7.2508 1.2155 2.2044 0.9709 -0.092 0.8059 -0.5849
-0.1162 8.3882 2.73 2.8786 0.9709 0.1666 0.6583 0.7341
-0.2694 7.6175 1.723 2.4316 0.9958 0.1594 0.7721 -0.6152
-0.2405 7.2136 1.2235 2.2118 1.0456 0.7312 0.5074 -0.4559
-0.4514 7.2508 1.2155 2.2044 0.9709 -0.092 0.8059 -0.5849
-0.4074 7.6171 1.7421 2.5151 1.2378 -0.3177 0.7906 -0.5235
-0.1162 8.3882 2.73 2.8786 0.9709 0.1666 0.6583 0.7341
-0.4514 7.2508 1.2155 2.3584 1.3998 -0.092 0.8059 -0.5849
-0.4074 7.6171 1.7421 2.5151 1.2378 -0.3177 0.7906 -0.5235
-0.6547 7.2122 1.2807 2.3082 1.3427 -0.825 0.548 -0.1381
-0.1162 8.3882 2.73 2.8786 0.9709 0.1666 0.6583 0.7341
-0.4074 7.6171 1.7421 2.5151 1.2378 -0.3177 0.7906 -0.5235
-0.4514 7.2508 1.2155 2.3584 1.3998 -0.092 0.8059 -0.5849
-0.6547 7.2122 1.2807 2.3082 1.3427 -0.825 0.548 -0.1381
-0.3826 9.513 -0.0568 2.2779 -0.2729 -0.8493 -0.5095 -0.1378
-0.6821 10.2867 -1.0715 1.882 -0.506 -0.3354 0.5338 -0.7762
-0.1728 9.046 0.3769 2.4991 -0.1931 -0.6274 -0.6865 -0.3675
-0.3826 9.513 -0.0568 2.2779 -0.2729 -0.8493 -0.5095 -0.1378
-0.2929 9.2062 0.5241 2.4525 -0.1196 -0.9798 -0.1337 0.1485
-0.6821 10.2867 -1.0715 1.882 -0.506 -0.3354 0.5338 -0.7762
-0.3826 9.513 -0.0568 2.2779 -0.2729 -0.8493 -0.5095 -0.1378
-0.1728 9.046 0.3769 2.4991 -0.1931 -0.6274 -0.6865 -0.3675
-0.2929 9.2062 0.5241 2.4525 -0.1196 -0.9798 -0.1337 0.1485
-0.2662 9.7348 0.0171 2.1997 -0.1845 -0.1562 0.8556 0.4935
-0.6821 10.2867 -1.0715 1.882 -0.506 -0.3354 0.5338 -0.7762
-0.1819 9.417 0.5949 2.3936 -0.0554 -0.5814 0.6366 0.5067
-0.2662 9.7348 0.0171 2.1997 -0.1845 -0.1562 0.8556 0.4935
0.0654 9.5007 0.528 2.3234 0.00779998 0.3579 0.8933 0.2717
-0.6821 10.2867 -1.0715 1.882 -0.506 -0.3354 0.5338 -0.7762
-0.2662 9.7348 0.0171 2.1997 -0.1845 -0.1562 0.8556 0.4935
-0.1819 9.417 0.5949 2.3936 -0.0554 -0.5814 0.6366 0.5067
0.0654 9.5007 0.528 2.3234 0.00779998 0.3579 0.8933 0.2717
-0.2551 9.4574 -0.1535 2.3056 -0.3301 -0.3182 -0.7724 -0.5498
-0.6821 10.2867 -1.0715 1.882 -0.506 -0.3354 0.5338 -0.7762
0.0898 9.0396 0.234 2.5359 -0.2913 0.2978 -0.5962 -0.7456
-0.2551 9.4574 -0.1535 2.3056 -0.3301 -0.3182 -0.7724 -0.5498
-0.1728 9.046 0.3769 2.4991 -0.1931 -0.6274 -0.6865 -0.3675
-0.6821 10.2867 -1.0715 1.882 -0.506 -0.3354 0.5338 -0.7762
-0.2551 9.4574 -0.1535 2.3056 -0.3301 -0.3182 -0.7724 -0.5498
0.0898 9.0396 0.234 2.5359 -0.2913 0.2978 -0.5962 -0.7456
-0.1728 9.046 0.3769 2.4991 -0.1931 -0.6274 -0.6865 -0.3675
-0.3856 9.6367 0.0158 2.2427 -0.227 -0.8542 0.3094 0.4179
-0.6821 10.2867 -1.0715 1.882 -0.506 -0.3354 0.5338 -0.7762
-0.2929 9.2062 0.5241 2.4525 -0.1196 -0.9798 -0.1337 0.1485
-0.3856 9.6367 0.0158 2.2427 -0.227 -0.8542 0.3094 0.4179
-0.1819 9.417 0.5949 2.3936 -0.0554 -0.5814 0.6366 0.5067
-0.6821 10.2867 -1.0715 1.882 -0.506 -0.3354 0.5338 -0.7762
-0.3856 9.6367 0.0158 2.2427 -0.227 -0.8542 0.3094 0.4179
-0.2929 9.2062 0.5241 2.4525 -0.1196 -0.9798 -0.1337 0.1485
-0.1819 9.417 0.5949 2.3936 -0.0554 -0.5814 0.6366 0.5067
-0.1355 9.7016 -0.0632 2.332 -0.4719 0.7645 0.6433 -0.0411
-0.6821 10.2867 -1.0715 1.882 -0.506 -0.3354 0.5338 -0.7762
0.0654 9.5007 0.528 2.5593 -0.506 0.3579 0.8933 0.2717
-0.1355 9.7016 -0.0632 2.332 -0.4719 0.7645 0.6433 -0.0411
0.2102 9.3175 0.3538 2.5546 -0.4039 0.8873 0.2921 -0.3569
-0.6821 10.2867 -1.0715 1.882 -0.506 -0.3354 0.5338 -0.7762
-0.1355 9.7016 -0.0632 2.332 -0.4719 0.7645 0.6433 -0.0411
0.0654 9.5007 0.528 2.5593 -0.506 0.3579 0.8933 0.2717
0.2102 9.3175 0.3538 2.5546 -0.4039 0.8873 0.2921 -0.3569
-0.1274 9.5479 -0.1612 2.3241 -0.4004 0.8103 -0.1024 -0.577
-0.6821 10.2867 -1.0715 1.882 -0.506 -0.3354 0.5338 -0.7762
0.2102 9.3175 0.3538 2.5546 -0.4039 0.8873 0.2921 -0.3569
-0.1274 9.5479 -0.1612 2.3241 -0.4004 0.8103 -0.1024 -0.577
0.0898 9.0396 0.234 2.5359 -0.2913 0.2978 -0.5962 -0.7456
-0.6821 10.2867 -1.0715 1.882 -0.506 -0.3354 0.5338 -0.7762
-0.1274 9.5479 -0.1612 2.3241 -0.4004 0.8103 -0.1024 -0.577
0.2102 9.3175 0.3538 2.5546 -0.4039 0.8873 0.2921 -0.3569
0.0898 9.0396 0.234 2.5359 -0.2913 0.2978 -0.5962 -0.7456
-0.8671 8.5636 0.9667 1.9323 1.2356 -0.1442 -0.483 0.8637
-2.0025 9.4256 1.2591 1.4494 1.3998 -0.7913 0.535 0.296
-0.3814 8.0393 0.7546 2.1594 1.1063 -0.4251 -0.7041 0.5689
-0.8671 8.5636 0.9667 1.9323 1.2356 -0.1442 -0.483 0.8637
-0.2174 8.2259 0.8863 2.1881 1.2006 0.1127 -0.1381 0.984
-2.0025 9.4256 1.2591 1.4494 1.3998 -0.7913 0.535 0.296
-0.8671 8.5636 0.9667 1.9323 1.2356 -0.1442 -0.483 0.8637
-0.3814 8.0393 0.7546 2.1594 1.1063 -0.4251 -0.7041 0.5689
-0.2174 8.2259 0.8863 2.1881 1.2006 0.1127 -0.1381 0.984
-0.7798 8.8045 0.8472 1.9502 1.3665 0.4535 0.8912 0.0025
-2.0025 9.4256 1.2591 1.4494 1.3998 -0.7913 0.535 0.296
-0.1259 8.472 0.7757 2.1998 1.2997 0.4858 0.6737 0.5568
-0.7798 8.8045 0.8472 1.9502 1.3665 0.4535 0.8912 0.0025
-0.211 8.516 0.5067 2.2014 1.3998 0.2517 0.8612 -0.4416
-2.0025 9.4256 1.2591 1.4494 1.3998 -0.7913 0.535 0.296
-0.7798 8.8045 0.8472 1.9502 1.3665 0.4535 0.8912 0.0025
-0.1259 8.472 0.7757 2.1998 1.2997 0.4858 0.6737 0.5568
-0.211 8.516 0.5067 2.2014 1.3998 0.2517 0.8612 -0.4416
-0.9584 8.5124 0.8263 1.9051 1.1723 -0.6164 -0.7738 0.1459
-2.0025 9.4256 1.2591 1.4494 1.3998 -0.7913 0.535 0.296
-0.4913 8.0722 0.4651 2.1065 1.0109 -0.7178 -0.5545 -0.4211
-0.9584 8.5124 0.8263 1.9051 1.1723 -0.6164 -0.7738 0.1459
-0.3814 8.0393 0.7546 2.1594 1.1063 -0.4251 -0.7041 0.5689
-2.0025 9.4256 1.2591 1.4494 1.3998 -0.7913 0.535 0.296
-0.9584 8.5124 0.8263 1.9051 1.1723 -0.6164 -0.7738 0.1459
-0.4913 8.0722 0.4651 2.1065 1.0109 -0.7178 -0.5545 -0.4211
-0.3814 8.0393 0.7546 2.1594 1.1063 -0.4251 -0.7041 0.5689
-0.7819 8.7078 0.9737 1.9458 1.3001 0.3648 0.2655 0.8924
-2.0025 9.4256 1.2591 1.4494 1.3998 -0.7913 0.535 0.296
-0.2174 8.2259 0.8863 2.1881 1.2006 0.1127 -0.1381 0.984
-0.7819 8.7078 0.9737 1.9458 1.3001 0.3648 0.2655 0.8924
-0.1259 8.472 0.7757 2.1998 1.2997 0.4858 0.6737 0.5568
-2.0025 9.4256 1.2591 1.4494 1.3998 -0.7913 0.535 0.296
-0.7819 8.7078 0.9737 1.9458 1.3001 0.3648 0.2655 0.8924
-0.2174 8.2259 0.8863 2.1881 1.2006 0.1127 -0.1381 0.984
-0.1259 8.472 0.7757 2.1998 1.2997 0.4858 0.6737 0.5568
-0.8611 8.7599 0.7113 1.8195 1.0616 -0.0131 0.6219 -0.783
-2.0025 9.4256 1.2591 1.4494 1.3998 -0.7913 0.535 0.296
-0.211 8.516 0.5067 1.9708 0.8579 0.2517 0.8612 -0.4416
-0.8611 8.7599 0.7113 1.8195 1.0616 -0.0131 0.6219 -0.783
-0.3699 8.3381 0.368 2.0383 0.9271 -0.3028 0.2895 -0.908
-2.0025 9.4256 1.2591 1.4494 1.3998 -0.7913 0.535 0.296
-0.8611 8.7599 0.7113 1.8195 1.0616 -0.0131 0.6219 -0.783
-0.211 8.516 0.5067 1.9708 0.8579 0.2517 0.8612 -0.4416
-0.3699 8.3381 0.368 2.0383 0.9271 -0.3028 0.2895 -0.908
-0.9546 8.612 0.6974 1.8647 1.1126 -0.5162 -0.0759 -0.8531
-2.0025 9.4256 1.2591 1.4494 1.3998 -0.7913 0.535 0.296
-0.3699 8.3381 0.368 2.0383 0.9271 -0.3028 0.2895 -0.908
-0.9546 8.612 0.6974 1.8647 1.1126 -0.5162 -0.0759 -0.8531
-0.4913 8.0722 0.4651 2.1065 1.0109 -0.7178 -0.5545 -0.4211
-2.0025 9.4256 1.2591 1.4494 1.3998 -0.7913 0.535 0.296
-0.9546 8.612 0.6974 1.8647 1.1126 -0.5162 -0.0759 -0.8531
-0.3699 8.3381 0.368 2.0383 0.9271 -0.3028 0.2895 -0.908
-0.4913 8.0722 0.4651 2.1065 1.0109 -0.7178 -0.5545 -0.4211
1.9753 4.5118 1.0706 2.1281 -1.0479 0.8088 0.4684 -0.3556
2.8744 3.598 1.9122 2.4561 -1.4737 0.6647 -0.5397 0.5165
1.5295 4.8768 0.5374 2.0034 -0.8026 0.7457 0.0723 -0.6623
1.9753 4.5118 1.0706 2.1281 -1.0479 0.8088 0.4684 -0.3556
1.5219 5.0607 0.7624 1.9248 -0.8674 0.6904 0.7165 0.0993
2.8744 3.598 1.9122 2.4561 -1.4737 0.6647 -0.5397 0.5165
1.9753 4.5118 1.0706 2.1281 -1.0479 0.8088 0.4684 -0.3556
1.5295 4.8768 0.5374 2.0034 -0.8026 0.7457 0.0723 -0.6623
1.5219 5.0607 0.7624 1.9248 -0.8674 0.6904 0.7165 0.0993
1.8151 4.4591 1.2652 2.3646 -0.9521 -0.4748 0.0747 0.8769
2.8744 3.598 1.9122 2.4561 -1.4737 0.6647 -0.5397 0.5165
1.344 4.991 0.9648 2.3596 -0.6818 -0.0587 0.5165 0.8543
1.8151 4.4591 1.2652 2.3646 -0.9521 -0.4748 0.0747 0.8769
1.2269 4.7884 0.9187 2.2782 -0.7009 -0.5878 -0.15 0.795
2.8744 3.598 1.9122 2.4561 -1.4737 0.6647 -0.5397 0.5165
1.8151 4.4591 1.2652 2.3646 -0.9521 -0.4748 0.0747 0.8769
1.344 4.991 0.9648 2.3596 -0.6818 -0.0587 0.5165 0.8543
1.2269 4.7884 0.9187 2.2782 -0.7009 -0.5878 -0.15 0.795
1.9216 4.3716 0.9957 2.1844 -1.0106 0.4879 -0.3476 -0.8007
2.8744 3.598 1.9122 2.4561 -1.4737 0.6647 -0.5397 0.5165
1.361 4.6399 0.5375 2.0938 -0.7556 0.1589 -0.6947 -0.7015
1.9216 4.3716 0.9957 2.1844 -1.0106 0.4879 -0.3476 -0.8007
1.5295 4.8768 0.5374 2.0034 -0.8026 0.7457 0.0723 -0.6623
2.8744 3.598 1.9122 2.4561 -1.4737 0.6647 -0.5397 0.5165
1.9216 4.3716 0.9957 2.1844 -1.0106 0.4879 -0.3476 -0.8007
1.361 4.6399 0.5375 2.0938 -0.7556 0.1589 -0.6947 -0.7015
1.5295 4.8768 0.5374 2.0034 -0.8026 0.7457 0.0723 -0.6623
1.9135 4.5499 1.2131 2.4239 -0.941 0.341 0.7553 0.5597
2.8744 3.598 1.9122 2.4561 -1.4737 0.6647 -0.5397 0.5165
1.5219 5.0607 0.7624 2.4561 -0.6675 0.6904 0.7165 0.0993
1.9135 4.5499 1.2131 2.4239 -0.941 0.341 0.7553 0.5597
1.344 4.991 0.9648 2.3596 -0.6818 -0.0587 0.5165 0.8543
2.8744 3.598 1.9122 2.4561 -1.4737 0.6647 -0.5397 0.5165
1.9135 4.5499 1.2131 2.4239 -0.941 0.341 0.7553 0.5597
1.5219 5.0607 0.7624 2.4561 -0.6675 0.6904 0.7165 0.0993
1.344 4.991 0.9648 2.3596 -0.6818 -0.0587 0.5165 0.8543
1.7621 4.3245 1.1978 2.3083 -0.9661 -0.6606 -0.3684 0.6541
2.8744 3.598 1.9122 2.4561 -1.4737 0.6647 -0.5397 0.5165
1.2269 4.7884 0.9187 2.2782 -0.7009 -0.5878 -0.15 0.795
1.7621 4.3245 1.1978 2.3083 -0.9661 -0.6606 -0.3684 0.6541
1.1848 4.5869 0.7627 2.1906 -0.7236 -0.5689 -0.8106 0.1388
2.8744 3.598 1.9122 2.4561 -1.4737 0.6647 -0.5397 0.5165
1.7621 4.3245 1.1978 2.3083 -0.9661 -0.6606 -0.3684 0.6541
1.2269 4.7884 0.9187 2.2782 -0.7009 -0.5878 -0.15 0.795
1.1848 4.5869 0.7627 2.1906 -0.7236 -0.5689 -0.8106 0.1388
1.8067 4.275 1.0708 2.2468 -0.9843 -0.2452 -0.8833 -0.3995
2.8744 3.598 1.9122 2.4561 -1.4737 0.6647 -0.5397 0.5165
1.1848 4.5869 0.7627 2.1906 -0.7236 -0.5689 -0.8106 0.1388
1.8067 4.275 1.0708 2.2468 -0.9843 -0.2452 -0.8833 -0.3995
1.361 4.6399 0.5375 2.0938 -0.7556 0.1589 -0.6947 -0.7015
2.8744 3.598 1.9122 2.4561 -1.4737 0.6647 -0.5397 0.5165
1.8067 4.275 1.0708 2.2468 -0.9843 -0.2452 -0.8833 -0.3995
1.1848 4.5869 0.7627 2.1906 -0.7236 -0.5689 -0.8106 0.1388
1.361 4.6399 0.5375 2.0938 -0.7556 0.1589 -0.6947 -0.7015
