Vertex Count: 1152

Data:

-12.0916 4.3937 -0.0451 0.0831 0.8619 -0.1961 0.0075 -0.9806
-11.8346 5.2723 0.025 0.1042 0.7913 -0.1961 0.0075 -0.9806
-11.8289 3.5151 0.0129 0.1042 0.9326 -0.1961 0.0075 -0.9806
-12.0916 4.3937 -0.0451 0.0831 0.8619 -0.1961 0.0075 -0.9806
-12.3211 5.2723 -0.0948 0.0647 0.7913 -0.1961 0.0075 -0.9806
-11.8346 5.2723 0.025 0.1042 0.7913 -0.1961 0.0075 -0.9806
-12.0916 4.3937 -0.0451 0.0831 0.8619 -0.1961 0.0075 -0.9806
-12.3818 3.5151 -0.1233 0.0593 0.9326 -0.1961 0.0075 -0.9806
-12.3211 5.2723 -0.0948 0.0647 0.7913 -0.1961 0.0075 -0.9806
-12.0916 4.3937 -0.0451 0.0831 0.8619 -0.1961 0.0075 -0.9806
-11.8289 3.5151 0.0129 0.1042 0.9326 -0.1961 0.0075 -0.9806
-12.3818 3.5151 -0.1233 0.0593 0.9326 -0.1961 0.0075 -0.9806
-12.0879 6.7871 -0.0424 0.0835 0.6695 -0.1961 -0.0032 -0.9806
-12.3656 8.3019 -0.1157 0.0608 0.5477 -0.1961 -0.0032 -0.9806
-11.8304 8.3019 0.0161 0.1042 0.5477 -0.1961 -0.0032 -0.9806
-12.0879 6.7871 -0.0424 0.0835 0.6695 -0.1961 -0.0032 -0.9806
-12.3211 5.2723 -0.0948 0.0647 0.7913 -0.1961 -0.0032 -0.9806
-12.3656 8.3019 -0.1157 0.0608 0.5477 -0.1961 -0.0032 -0.9806
-12.0879 6.7871 -0.0424 0.0835 0.6695 -0.1961 -0.0032 -0.9806
-11.8346 5.2723 0.025 0.1042 0.7913 -0.1961 -0.0032 -0.9806
-12.3211 5.2723 -0.0948 0.0647 0.7913 -0.1961 -0.0032 -0.9806
-12.0879 6.7871 -0.0424 0.0835 0.6695 -0.1961 -0.0032 -0.9806
-11.8304 8.3019 0.0161 0.1042 0.5477 -0.1961 -0.0032 -0.9806
-11.8346 5.2723 0.025 0.1042 0.7913 -0.1961 -0.0032 -0.9806
-12.1046 8.9987 -0.0547 0.0819 0.4916 -0.1961 -0.0046 -0.9806
-12.3949 9.6955 -0.1295 0.0582 0.4356 -0.1961 -0.0046 -0.9806
-11.8276 9.6955 0.0102 0.1042 0.4356 -0.1961 -0.0046 -0.9806
-12.1046 8.9987 -0.0547 0.0819 0.4916 -0.1961 -0.0046 -0.9806
-12.3656 8.3019 -0.1157 0.0608 0.5477 -0.1961 -0.0046 -0.9806
-12.3949 9.6955 -0.1295 0.0582 0.4356 -0.1961 -0.0046 -0.9806
-12.1046 8.9987 -0.0547 0.0819 0.4916 -0.1961 -0.0046 -0.9806
-11.8304 8.3019 0.0161 0.1042 0.5477 -0.1961 -0.0046 -0.9806
-12.3656 8.3019 -0.1157 0.0608 0.5477 -0.1961 -0.0046 -0.9806
-12.1046 8.9987 -0.0547 0.0819 0.4916 -0.1961 -0.0046 -0.9806
-11.8276 9.6955 0.0102 0.1042 0.4356 -0.1961 -0.0046 -0.9806
-11.8304 8.3019 0.0161 0.1042 0.5477 -0.1961 -0.0046 -0.9806
-12.0972 10.4832 -0.0492 0.0826 0.3723 -0.1961 0.0086 -0.9805
-11.8335 11.2709 0.0227 0.1042 0.3089 -0.1961 0.0086 -0.9805
-11.8276 9.6955 0.0102 0.1042 0.4356 -0.1961 0.0086 -0.9805
-12.0972 10.4832 -0.0492 0.0826 0.3723 -0.1961 0.0086 -0.9805
-12.3327 11.2709 -0.1003 0.0637 0.3089 -0.1961 0.0086 -0.9805
-11.8335 11.2709 0.0227 0.1042 0.3089 -0.1961 0.0086 -0.9805
-12.0972 10.4832 -0.0492 0.0826 0.3723 -0.1961 0.0086 -0.9805
-12.3949 9.6955 -0.1295 0.0582 0.4356 -0.1961 0.0086 -0.9805
-12.3327 11.2709 -0.1003 0.0637 0.3089 -0.1961 0.0086 -0.9805
-12.0972 10.4832 -0.0492 0.0826 0.3723 -0.1961 0.0086 -0.9805
-11.8276 9.6955 0.0102 0.1042 0.4356 -0.1961 0.0086 -0.9805
-12.3949 9.6955 -0.1295 0.0582 0.4356 -0.1961 0.0086 -0.9805
-12.0386 12.1192 -0.006 0.0883 0.2407 -0.1961 0.0251 -0.9803
-11.8519 12.9674 0.0619 0.1042 0.1725 -0.1961 0.0251 -0.9803
-11.8335 11.2709 0.0227 0.1042 0.3089 -0.1961 0.0251 -0.9803
-12.0386 12.1192 -0.006 0.0883 0.2407 -0.1961 0.0251 -0.9803
-12.1365 12.9674 -0.0082 0.0811 0.1725 -0.1961 0.0251 -0.9803
-11.8519 12.9674 0.0619 0.1042 0.1725 -0.1961 0.0251 -0.9803
-12.0386 12.1192 -0.006 0.0883 0.2407 -0.1961 0.0251 -0.9803
-12.3327 11.2709 -0.1003 0.0637 0.3089 -0.1961 0.0251 -0.9803
-12.1365 12.9674 -0.0082 0.0811 0.1725 -0.1961 0.0251 -0.9803
-12.0386 12.1192 -0.006 0.0883 0.2407 -0.1961 0.0251 -0.9803
-11.8335 11.2709 0.0227 0.1042 0.3089 -0.1961 0.0251 -0.9803
-12.3327 11.2709 -0.1003 0.0637 0.3089 -0.1961 0.0251 -0.9803
-11.9677 13.4219 0.0465 0.0953 0.1359 -0.196 0.0279 -0.9802
-11.8629 13.8763 0.0853 0.1042 0.0994 -0.196 0.0279 -0.9802
-11.8519 12.9674 0.0619 0.1042 0.1725 -0.196 0.0279 -0.9802
-11.9677 13.4219 0.0465 0.0953 0.1359 -0.196 0.0279 -0.9802
-12.0194 13.8763 0.0468 0.0915 0.0994 -0.196 0.0279 -0.9802
-11.8629 13.8763 0.0853 0.1042 0.0994 -0.196 0.0279 -0.9802
-11.9677 13.4219 0.0465 0.0953 0.1359 -0.196 0.0279 -0.9802
-12.1365 12.9674 -0.0082 0.0811 0.1725 -0.196 0.0279 -0.9802
-12.0194 13.8763 0.0468 0.0915 0.0994 -0.196 0.0279 -0.9802
-11.9677 13.4219 0.0465 0.0953 0.1359 -0.196 0.0279 -0.9802
-11.8519 12.9674 0.0619 0.1042 0.1725 -0.196 0.0279 -0.9802
-12.1365 12.9674 -0.0082 0.0811 0.1725 -0.196 0.0279 -0.9802
-11.9195 14.0884 0.082 0.1 0.0823 -0.1959 0.0487 -0.9794
-11.8763 14.5125 0.1139 0.1042 0.0482 -0.1959 0.0487 -0.9794
-11.8629 13.8763 0.0853 0.1042 0.0994 -0.1959 0.0487 -0.9794
-11.9195 14.0884 0.082 0.1 0.0823 -0.1959 0.0487 -0.9794
-12.0194 13.8763 0.0468 0.0915 0.0994 -0.1959 0.0487 -0.9794
-11.8763 14.5125 0.1139 0.1042 0.0482 -0.1959 0.0487 -0.9794
-11.9195 14.0884 0.082 0.1 0.0823 -0.1959 0.0487 -0.9794
-11.8629 13.8763 0.0853 0.1042 0.0994 -0.1959 0.0487 -0.9794
-12.0194 13.8763 0.0468 0.0915 0.0994 -0.1959 0.0487 -0.9794
-12.4013 3.2122 -0.1803 0.2291 0.1147 0 -1 0
-12.7513 3.2122 -0.2968 0.1493 0.1053 0 -1 0
-12.6702 3.2122 -0.338 0.1615 0.1209 0 -1 0
-12.4013 3.2122 -0.1803 0.2291 0.1147 0 -1 0
-12.1493 3.2122 -0.0142 0.2941 0.1053 0 -1 0
-12.7513 3.2122 -0.2968 0.1493 0.1053 0 -1 0
-12.4013 3.2122 -0.1803 0.2291 0.1147 0 -1 0
-12.0346 3.2122 -0.0723 0.3114 0.1273 0 -1 0
-12.1493 3.2122 -0.0142 0.2941 0.1053 0 -1 0
-12.4013 3.2122 -0.1803 0.2291 0.1147 0 -1 0
-12.6702 3.2122 -0.338 0.1615 0.1209 0 -1 0
-12.0346 3.2122 -0.0723 0.3114 0.1273 0 -1 0
-12.1625 3.5151 -0.1276 0.281 0.175 0 1 0
-12.6423 3.5151 -0.3451 0.1663 0.1735 0 1 0
-12.3818 3.5151 -0.1233 0.2382 0.1539 0 1 0
-12.1625 3.5151 -0.1276 0.281 0.175 0 1 0
-11.7971 3.5151 -0.0548 0.3598 0.1945 0 1 0
-12.6423 3.5151 -0.3451 0.1663 0.1735 0 1 0
-12.1625 3.5151 -0.1276 0.281 0.175 0 1 0
-11.8289 3.5151 0.0129 0.3598 0.1782 0 1 0
-11.7971 3.5151 -0.0548 0.3598 0.1945 0 1 0
-12.1625 3.5151 -0.1276 0.281 0.175 0 1 0
-12.3818 3.5151 -0.1233 0.2382 0.1539 0 1 0
-11.8289 3.5151 0.0129 0.3598 0.1782 0 1 0
-12.0783 3.2122 -0.1224 0.2981 0.1332 0 -1 0
-12.6702 3.2122 -0.338 0.1615 0.1209 0 -1 0
-11.8039 3.2122 -0.0404 0.3598 0.1424 0 -1 0
-12.0783 3.2122 -0.1224 0.2981 0.1332 0 -1 0
-12.0346 3.2122 -0.0723 0.3114 0.1273 0 -1 0
-12.6702 3.2122 -0.338 0.1615 0.1209 0 -1 0
-12.0783 3.2122 -0.1224 0.2981 0.1332 0 -1 0
-11.8046 3.2122 -0.0389 0.3598 0.142 0 -1 0
-12.0346 3.2122 -0.0723 0.3114 0.1273 0 -1 0
-12.0783 3.2122 -0.1224 0.2981 0.1332 0 -1 0
-11.8039 3.2122 -0.0404 0.3598 0.1424 0 -1 0
-11.8046 3.2122 -0.0389 0.3598 0.142 0 -1 0
-12.2317 3.3636 -0.2194 0.7958 0.0993 -0.1078 0 -0.9942
-12.6725 3.2425 -0.3708 0.6341 0.1347 -0.1078 0 -0.9942
-12.6725 3.4848 -0.3708 0.636 0.0584 -0.1078 0 -0.9942
-12.2317 3.3636 -0.2194 0.7958 0.0993 -0.1078 0 -0.9942
-11.7909 3.2425 -0.068 0.9556 0.1401 -0.1078 0 -0.9942
-12.6725 3.2425 -0.3708 0.6341 0.1347 -0.1078 0 -0.9942
-12.2317 3.3636 -0.2194 0.7958 0.0993 -0.1078 0 -0.9942
-11.7909 3.4848 -0.068 0.9555 0.0473 -0.1078 0 -0.9942
-11.7909 3.2425 -0.068 0.9556 0.1401 -0.1078 0 -0.9942
-12.2317 3.3636 -0.2194 0.7958 0.0993 -0.1078 -0 -0.9942
-12.6725 3.4848 -0.3708 0.636 0.0584 -0.1078 -0 -0.9942
-11.7909 3.4848 -0.068 0.9555 0.0473 -0.1078 -0 -0.9942
-11.9196 2.7274 -0.0556 0.2413 0.5709 -0.2906 0 -0.9569
-12.0346 2.2427 -0.0723 0.2233 0.6493 -0.2906 0 -0.9569
-12.0346 3.2122 -0.0723 0.2233 0.4925 -0.2906 0 -0.9569
-11.9196 2.7274 -0.0556 0.2413 0.5709 -0.2906 0 -0.9569
-11.8046 2.2427 -0.0389 0.2593 0.6493 -0.2906 0 -0.9569
-12.0346 2.2427 -0.0723 0.2233 0.6493 -0.2906 0 -0.9569
-11.9196 2.7274 -0.0556 0.2413 0.5709 -0.2906 0 -0.9569
-11.8046 3.2122 -0.0389 0.2593 0.4925 -0.2906 0 -0.9569
-11.8046 2.2427 -0.0389 0.2593 0.6493 -0.2906 0 -0.9569
-11.9196 2.7274 -0.0556 0.2413 0.5709 -0.2906 -0 -0.9569
-12.0346 3.2122 -0.0723 0.2233 0.4925 -0.2906 -0 -0.9569
-11.8046 3.2122 -0.0389 0.2593 0.4925 -0.2906 -0 -0.9569
-12.0919 2.7274 -0.0432 0.2169 0.5709 -0.7882 0 -0.6155
-12.1493 2.2427 -0.0142 0.2105 0.6493 -0.7882 0 -0.6155
-12.1493 3.2122 -0.0142 0.2105 0.4925 -0.7882 0 -0.6155
-12.0919 2.7274 -0.0432 0.2169 0.5709 -0.7882 0 -0.6155
-12.0346 2.2427 -0.0723 0.2233 0.6493 -0.7882 0 -0.6155
-12.1493 2.2427 -0.0142 0.2105 0.6493 -0.7882 0 -0.6155
-12.0919 2.7274 -0.0432 0.2169 0.5709 -0.7882 0 -0.6155
-12.0346 3.2122 -0.0723 0.2233 0.4925 -0.7882 0 -0.6155
-12.0346 2.2427 -0.0723 0.2233 0.6493 -0.7882 0 -0.6155
-12.0919 2.7274 -0.0432 0.2169 0.5709 -0.7882 0 -0.6155
-12.1493 3.2122 -0.0142 0.2105 0.4925 -0.7882 0 -0.6155
-12.0346 3.2122 -0.0723 0.2233 0.4925 -0.7882 0 -0.6155
-12.0697 1.6974 -0.0288 0.2212 0.7375 -0.7875 -0.0419 -0.6149
-12.1493 2.2427 -0.0142 0.2105 0.6493 -0.7875 -0.0419 -0.6149
-12.0346 2.2427 -0.0723 0.2233 0.6493 -0.7875 -0.0419 -0.6149
-12.0697 1.6974 -0.0288 0.2212 0.7375 -0.7966 -0.044 -0.6029
-12.0947 1.152 0.0115 0.2202 0.8257 -0.7966 -0.044 -0.6029
-12.1493 2.2427 -0.0142 0.2105 0.6493 -0.7966 -0.044 -0.6029
-12.0697 1.6974 -0.0288 0.2212 0.7375 -0.8074 -0.0427 -0.5885
-12.0005 1.152 -0.0403 0.2305 0.8257 -0.8074 -0.0427 -0.5885
-12.0947 1.152 0.0115 0.2202 0.8257 -0.8074 -0.0427 -0.5885
-12.0697 1.6974 -0.0288 0.2212 0.7375 -0.7967 -0.0405 -0.603
-12.0346 2.2427 -0.0723 0.2233 0.6493 -0.7967 -0.0405 -0.603
-12.0005 1.152 -0.0403 0.2305 0.8257 -0.7967 -0.0405 -0.603
-11.9136 1.6974 -0.0421 0.2431 0.7375 -0.2905 -0.0228 -0.9566
-12.0346 2.2427 -0.0723 0.2233 0.6493 -0.2905 -0.0228 -0.9566
-11.8046 2.2427 -0.0389 0.2593 0.6493 -0.2905 -0.0228 -0.9566
-11.9136 1.6974 -0.0421 0.2431 0.7375 -0.2989 -0.0248 -0.954
-12.0005 1.152 -0.0403 0.2305 0.8257 -0.2989 -0.0248 -0.954
-12.0346 2.2427 -0.0723 0.2233 0.6493 -0.2989 -0.0248 -0.954
-11.9136 1.6974 -0.0421 0.2431 0.7375 -0.3093 -0.0231 -0.9507
-11.8148 1.152 -0.0171 0.2593 0.8257 -0.3093 -0.0231 -0.9507
-12.0005 1.152 -0.0403 0.2305 0.8257 -0.3093 -0.0231 -0.9507
-11.9136 1.6974 -0.0421 0.2431 0.7375 -0.2989 -0.0211 -0.954
-11.8046 2.2427 -0.0389 0.2593 0.6493 -0.2989 -0.0211 -0.954
-11.8148 1.152 -0.0171 0.2593 0.8257 -0.2989 -0.0211 -0.954
-11.9019 0.8188 -0.1142 0.2395 0.8794 -0.3671 0.2306 -0.9012
-12.0623 0.4855 -0.2017 0.2103 0.9335 -0.3671 0.2306 -0.9012
-12.0005 1.152 -0.0403 0.2305 0.8257 -0.3671 0.2306 -0.9012
-11.9019 0.8188 -0.1142 0.2395 0.8794 -0.4015 0.2488 -0.8814
-11.73 0.4855 -0.1979 0.2593 0.9335 -0.4015 0.2488 -0.8814
-12.0623 0.4855 -0.2017 0.2103 0.9335 -0.4015 0.2488 -0.8814
-11.9019 0.8188 -0.1142 0.2395 0.8794 -0.3635 0.2674 -0.8924
-11.8148 1.152 -0.0171 0.2593 0.8257 -0.3635 0.2674 -0.8924
-11.73 0.4855 -0.1979 0.2593 0.9335 -0.3635 0.2674 -0.8924
-11.9019 0.8188 -0.1142 0.2395 0.8794 -0.2997 0.2488 -0.921
-12.0005 1.152 -0.0403 0.2305 0.8257 -0.2997 0.2488 -0.921
-11.8148 1.152 -0.0171 0.2593 0.8257 -0.2997 0.2488 -0.921
-12.1012 0.8188 -0.0727 0.213 0.8794 -0.8442 0.2139 -0.4915
-12.2475 0.4855 -0.0603 0.1929 0.9335 -0.8442 0.2139 -0.4915
-12.0947 1.152 0.0115 0.2202 0.8257 -0.8442 0.2139 -0.4915
-12.1012 0.8188 -0.0727 0.213 0.8794 -0.8631 0.2304 -0.4494
-12.0623 0.4855 -0.2017 0.2103 0.9335 -0.8631 0.2304 -0.4494
-12.2475 0.4855 -0.0603 0.1929 0.9335 -0.8631 0.2304 -0.4494
-12.1012 0.8188 -0.0727 0.213 0.8794 -0.838 0.2443 -0.4879
-12.0005 1.152 -0.0403 0.2305 0.8257 -0.838 0.2443 -0.4879
-12.0623 0.4855 -0.2017 0.2103 0.9335 -0.838 0.2443 -0.4879
-12.1012 0.8188 -0.0727 0.213 0.8794 -0.7874 0.2249 -0.5739
-12.0947 1.152 0.0115 0.2202 0.8257 -0.7874 0.2249 -0.5739
-12.0005 1.152 -0.0403 0.2305 0.8257 -0.7874 0.2249 -0.5739
-11.8895 0.4451 -0.0952 0.3378 0.2517 -0.1495 -0.9327 -0.3282
-11.8763 0.3644 0.1139 0.3598 0.2117 -0.1495 -0.9327 -0.3282
-12.0623 0.4855 -0.2017 0.2939 0.2567 -0.1495 -0.9327 -0.3282
-11.8895 0.4451 -0.0952 0.3378 0.2517 -0.1495 -0.9327 -0.3282
-11.73 0.4855 -0.1979 0.3598 0.2867 -0.1495 -0.9327 -0.3282
-11.8763 0.3644 0.1139 0.3598 0.2117 -0.1495 -0.9327 -0.3282
-11.8895 0.4451 -0.0952 0.3378 0.2517 -0.1495 -0.9327 -0.3282
-12.0623 0.4855 -0.2017 0.2939 0.2567 -0.1495 -0.9327 -0.3282
-11.73 0.4855 -0.1979 0.3598 0.2867 -0.1495 -0.9327 -0.3282
-12.062 0.4451 -0.0493 0.3081 0.2267 -0.2804 -0.9487 -0.146
-11.8763 0.3644 0.1139 0.3598 0.2117 -0.2804 -0.9487 -0.146
-12.2475 0.4855 -0.0603 0.2705 0.2117 -0.2804 -0.9487 -0.146
-12.062 0.4451 -0.0493 0.3081 0.2267 -0.2804 -0.9487 -0.146
-12.0623 0.4855 -0.2017 0.2939 0.2567 -0.2804 -0.9487 -0.146
-11.8763 0.3644 0.1139 0.3598 0.2117 -0.2804 -0.9487 -0.146
-12.062 0.4451 -0.0493 0.3081 0.2267 -0.2804 -0.9487 -0.146
-12.2475 0.4855 -0.0603 0.2705 0.2117 -0.2804 -0.9487 -0.146
-12.0623 0.4855 -0.2017 0.2939 0.2567 -0.2804 -0.9487 -0.146
-12.7293 3.3636 -0.3419 0.6127 0.0934 -0.7886 0 -0.6149
-12.7861 3.2425 -0.3131 0.5913 0.1416 -0.7886 0 -0.6149
-12.7861 3.4848 -0.3131 0.5913 0.0521 -0.7886 0 -0.6149
-12.7293 3.3636 -0.3419 0.6127 0.0934 -0.7886 -0 -0.6149
-12.6725 3.2425 -0.3708 0.6341 0.1347 -0.7886 -0 -0.6149
-12.7861 3.2425 -0.3131 0.5913 0.1416 -0.7886 -0 -0.6149
-12.7293 3.3636 -0.3419 0.6127 0.0934 -0.7886 0 -0.6149
-12.6725 3.4848 -0.3708 0.636 0.0584 -0.7886 0 -0.6149
-12.6725 3.2425 -0.3708 0.6341 0.1347 -0.7886 0 -0.6149
-12.7293 3.3636 -0.3419 0.6127 0.0934 -0.7886 0 -0.6149
-12.7861 3.4848 -0.3131 0.5913 0.0521 -0.7886 0 -0.6149
-12.6725 3.4848 -0.3708 0.636 0.0584 -0.7886 0 -0.6149
-12.5894 3.5151 -0.2539 0.1852 0.1604 0 1 0
-12.3818 3.5151 -0.1233 0.2382 0.1539 0 1 0
-12.6423 3.5151 -0.3451 0.1663 0.1735 0 1 0
-12.5894 3.5151 -0.2539 0.1852 0.1604 0 1 0
-12.7441 3.5151 -0.2934 0.151 0.1539 0 1 0
-12.3818 3.5151 -0.1233 0.2382 0.1539 0 1 0
-12.5894 3.5151 -0.2539 0.1852 0.1604 0 1 0
-12.6423 3.5151 -0.3451 0.1663 0.1735 0 1 0
-12.7441 3.5151 -0.2934 0.151 0.1539 0 1 0
-12.7113 3.5 -0.3306 0.6198 0.0467 -0.5031 0.77 -0.3924
-12.7861 3.4848 -0.3131 0.5913 0.0521 -0.5031 0.77 -0.3924
-12.7441 3.5151 -0.2934 0.606 0.0354 -0.5031 0.77 -0.3924
-12.7113 3.5 -0.3306 0.6198 0.0467 -0.5031 0.77 -0.3924
-12.6725 3.4848 -0.3708 0.636 0.0584 -0.5031 0.77 -0.3924
-12.7861 3.4848 -0.3131 0.5913 0.0521 -0.5031 0.77 -0.3924
-12.7113 3.5 -0.3306 0.6198 0.0467 -0.5031 0.77 -0.3924
-12.6423 3.5151 -0.3451 0.6464 0.0459 -0.5031 0.77 -0.3924
-12.6725 3.4848 -0.3708 0.636 0.0584 -0.5031 0.77 -0.3924
-12.7113 3.5 -0.3306 0.6198 0.0467 -0.5031 0.77 -0.3924
-12.7441 3.5151 -0.2934 0.606 0.0354 -0.5031 0.77 -0.3924
-12.6423 3.5151 -0.3451 0.6464 0.0459 -0.5031 0.77 -0.3924
-12.2257 3.5 -0.2097 0.7977 0.0467 -0.0973 0.4316 -0.8968
-12.6725 3.4848 -0.3708 0.636 0.0584 -0.0973 0.4316 -0.8968
-12.6423 3.5151 -0.3451 0.6464 0.0459 -0.0973 0.4316 -0.8968
-12.2257 3.5 -0.2097 0.7977 0.0467 -0.0973 0.4315 -0.8968
-11.7909 3.4848 -0.068 0.9555 0.0473 -0.0973 0.4315 -0.8968
-12.6725 3.4848 -0.3708 0.636 0.0584 -0.0973 0.4315 -0.8968
-12.2257 3.5 -0.2097 0.7977 0.0467 -0.0973 0.4315 -0.8968
-11.7971 3.5151 -0.0548 0.9546 0.0358 -0.0973 0.4315 -0.8968
-11.7909 3.4848 -0.068 0.9555 0.0473 -0.0973 0.4315 -0.8968
-12.2257 3.5 -0.2097 0.7977 0.0467 -0.0973 0.4315 -0.8968
-12.6423 3.5151 -0.3451 0.6464 0.0459 -0.0973 0.4315 -0.8968
-11.7971 3.5151 -0.0548 0.9546 0.0358 -0.0973 0.4315 -0.8968
-12.72 3.2273 -0.3296 0.6155 0.1459 -0.5576 -0.7071 -0.4348
-12.7861 3.2425 -0.3131 0.5913 0.1416 -0.5576 -0.7071 -0.4348
-12.6725 3.2425 -0.3708 0.6341 0.1347 -0.5576 -0.7071 -0.4348
-12.72 3.2273 -0.3296 0.6155 0.1459 -0.5576 -0.7071 -0.4348
-12.7513 3.2122 -0.2968 0.6029 0.1563 -0.5576 -0.7071 -0.4348
-12.7861 3.2425 -0.3131 0.5913 0.1416 -0.5576 -0.7071 -0.4348
-12.72 3.2273 -0.3296 0.6155 0.1459 -0.5576 -0.7071 -0.4348
-12.6702 3.2122 -0.338 0.6351 0.1493 -0.5576 -0.7071 -0.4348
-12.7513 3.2122 -0.2968 0.6029 0.1563 -0.5576 -0.7071 -0.4348
-12.72 3.2273 -0.3296 0.6155 0.1459 -0.5576 -0.7071 -0.4348
-12.6725 3.2425 -0.3708 0.6341 0.1347 -0.5576 -0.7071 -0.4348
-12.6702 3.2122 -0.338 0.6351 0.1493 -0.5576 -0.7071 -0.4348
-12.2344 3.2273 -0.2043 0.7939 0.1447 -0.0762 -0.7071 -0.703
-12.6725 3.2425 -0.3708 0.6341 0.1347 -0.0762 -0.7071 -0.703
-11.7909 3.2425 -0.068 0.9556 0.1401 -0.0762 -0.7071 -0.703
-12.2344 3.2273 -0.2043 0.7939 0.1447 -0.0762 -0.7071 -0.703
-12.6702 3.2122 -0.338 0.6351 0.1493 -0.0762 -0.7071 -0.703
-12.6725 3.2425 -0.3708 0.6341 0.1347 -0.0762 -0.7071 -0.703
-12.2344 3.2273 -0.2043 0.7939 0.1447 -0.0762 -0.7071 -0.703
-11.8039 3.2122 -0.0404 0.9542 0.155 -0.0762 -0.7071 -0.703
-12.6702 3.2122 -0.338 0.6351 0.1493 -0.0762 -0.7071 -0.703
-12.2344 3.2273 -0.2043 0.7939 0.1447 -0.0762 -0.7071 -0.703
-11.7909 3.2425 -0.068 0.9556 0.1401 -0.0762 -0.7071 -0.703
-11.8039 3.2122 -0.0404 0.9542 0.155 -0.0762 -0.7071 -0.703
-11.6165 4.3937 0.1779 0.0831 0.8619 0.1961 0.0075 -0.9806
-11.3709 3.5151 0.3512 0.0593 0.9326 0.1961 0.0075 -0.9806
-11.8289 3.5151 0.0129 0.1042 0.9326 0.1961 0.0075 -0.9806
-11.6165 4.3937 0.1779 0.0831 0.8619 0.1961 0.0075 -0.9806
-11.4315 5.2723 0.3227 0.0647 0.7913 0.1961 0.0075 -0.9806
-11.3709 3.5151 0.3512 0.0593 0.9326 0.1961 0.0075 -0.9806
-11.6165 4.3937 0.1779 0.0831 0.8619 0.1961 0.0075 -0.9806
-11.8346 5.2723 0.025 0.1042 0.7913 0.1961 0.0075 -0.9806
-11.4315 5.2723 0.3227 0.0647 0.7913 0.1961 0.0075 -0.9806
-11.6165 4.3937 0.1779 0.0831 0.8619 0.1961 0.0075 -0.9806
-11.8289 3.5151 0.0129 0.1042 0.9326 0.1961 0.0075 -0.9806
-11.8346 5.2723 0.025 0.1042 0.7913 0.1961 0.0075 -0.9806
-11.6209 6.7871 0.1768 0.0835 0.6695 0.1961 -0.0032 -0.9806
-11.387 8.3019 0.3436 0.0608 0.5477 0.1961 -0.0032 -0.9806
-11.4315 5.2723 0.3227 0.0647 0.7913 0.1961 -0.0032 -0.9806
-11.6209 6.7871 0.1768 0.0835 0.6695 0.1961 -0.0032 -0.9806
-11.8304 8.3019 0.0161 0.1042 0.5477 0.1961 -0.0032 -0.9806
-11.387 8.3019 0.3436 0.0608 0.5477 0.1961 -0.0032 -0.9806
-11.6209 6.7871 0.1768 0.0835 0.6695 0.1961 -0.0032 -0.9806
-11.8346 5.2723 0.025 0.1042 0.7913 0.1961 -0.0032 -0.9806
-11.8304 8.3019 0.0161 0.1042 0.5477 0.1961 -0.0032 -0.9806
-11.6209 6.7871 0.1768 0.0835 0.6695 0.1961 -0.0032 -0.9806
-11.4315 5.2723 0.3227 0.0647 0.7913 0.1961 -0.0032 -0.9806
-11.8346 5.2723 0.025 0.1042 0.7913 0.1961 -0.0032 -0.9806
-11.6007 8.9987 0.1818 0.0819 0.4916 0.1961 -0.0046 -0.9806
-11.3577 9.6955 0.3574 0.0582 0.4356 0.1961 -0.0046 -0.9806
-11.387 8.3019 0.3436 0.0608 0.5477 0.1961 -0.0046 -0.9806
-11.6007 8.9987 0.1818 0.0819 0.4916 0.1961 -0.0046 -0.9806
-11.8276 9.6955 0.0102 0.1042 0.4356 0.1961 -0.0046 -0.9806
-11.3577 9.6955 0.3574 0.0582 0.4356 0.1961 -0.0046 -0.9806
-11.6007 8.9987 0.1818 0.0819 0.4916 0.1961 -0.0046 -0.9806
-11.8304 8.3019 0.0161 0.1042 0.5477 0.1961 -0.0046 -0.9806
-11.8276 9.6955 0.0102 0.1042 0.4356 0.1961 -0.0046 -0.9806
-11.6007 8.9987 0.1818 0.0819 0.4916 0.1961 -0.0046 -0.9806
-11.387 8.3019 0.3436 0.0608 0.5477 0.1961 -0.0046 -0.9806
-11.8304 8.3019 0.0161 0.1042 0.5477 0.1961 -0.0046 -0.9806
-11.6097 10.4832 0.1796 0.0826 0.3723 0.1961 0.0086 -0.9805
-11.3577 9.6955 0.3574 0.0582 0.4356 0.1961 0.0086 -0.9805
-11.8276 9.6955 0.0102 0.1042 0.4356 0.1961 0.0086 -0.9805
-11.6097 10.4832 0.1796 0.0826 0.3723 0.1961 0.0086 -0.9805
-11.4199 11.2709 0.3282 0.0637 0.3089 0.1961 0.0086 -0.9805
-11.3577 9.6955 0.3574 0.0582 0.4356 0.1961 0.0086 -0.9805
-11.6097 10.4832 0.1796 0.0826 0.3723 0.1961 0.0086 -0.9805
-11.8335 11.2709 0.0227 0.1042 0.3089 0.1961 0.0086 -0.9805
-11.4199 11.2709 0.3282 0.0637 0.3089 0.1961 0.0086 -0.9805
-11.6097 10.4832 0.1796 0.0826 0.3723 0.1961 0.0086 -0.9805
-11.8276 9.6955 0.0102 0.1042 0.4356 0.1961 0.0086 -0.9805
-11.8335 11.2709 0.0227 0.1042 0.3089 0.1961 0.0086 -0.9805
-11.6804 12.1192 0.1622 0.0883 0.2407 0.1961 0.0251 -0.9803
-11.4199 11.2709 0.3282 0.0637 0.3089 0.1961 0.0251 -0.9803
-11.8335 11.2709 0.0227 0.1042 0.3089 0.1961 0.0251 -0.9803
-11.6804 12.1192 0.1622 0.0883 0.2407 0.1961 0.0251 -0.9803
-11.6162 12.9674 0.236 0.0811 0.1725 0.1961 0.0251 -0.9803
-11.4199 11.2709 0.3282 0.0637 0.3089 0.1961 0.0251 -0.9803
-11.6804 12.1192 0.1622 0.0883 0.2407 0.1961 0.0251 -0.9803
-11.8519 12.9674 0.0619 0.1042 0.1725 0.1961 0.0251 -0.9803
-11.6162 12.9674 0.236 0.0811 0.1725 0.1961 0.0251 -0.9803
-11.6804 12.1192 0.1622 0.0883 0.2407 0.1961 0.0251 -0.9803
-11.8335 11.2709 0.0227 0.1042 0.3089 0.1961 0.0251 -0.9803
-11.8519 12.9674 0.0619 0.1042 0.1725 0.1961 0.0251 -0.9803
-11.766 13.4219 0.1411 0.0953 0.1359 0.196 0.0279 -0.9802
-11.6162 12.9674 0.236 0.0811 0.1725 0.196 0.0279 -0.9802
-11.8519 12.9674 0.0619 0.1042 0.1725 0.196 0.0279 -0.9802
-11.766 13.4219 0.1411 0.0953 0.1359 0.196 0.0279 -0.9802
-11.7332 13.8763 0.1811 0.0915 0.0994 0.196 0.0279 -0.9802
-11.6162 12.9674 0.236 0.0811 0.1725 0.196 0.0279 -0.9802
-11.766 13.4219 0.1411 0.0953 0.1359 0.196 0.0279 -0.9802
-11.8629 13.8763 0.0853 0.1042 0.0994 0.196 0.0279 -0.9802
-11.7332 13.8763 0.1811 0.0915 0.0994 0.196 0.0279 -0.9802
-11.766 13.4219 0.1411 0.0953 0.1359 0.196 0.0279 -0.9802
-11.8519 12.9674 0.0619 0.1042 0.1725 0.196 0.0279 -0.9802
-11.8629 13.8763 0.0853 0.1042 0.0994 0.196 0.0279 -0.9802
-11.8241 14.0884 0.1268 0.1 0.0823 0.1959 0.0487 -0.9794
-11.7332 13.8763 0.1811 0.0915 0.0994 0.1959 0.0487 -0.9794
-11.8629 13.8763 0.0853 0.1042 0.0994 0.1959 0.0487 -0.9794
-11.8241 14.0884 0.1268 0.1 0.0823 0.1959 0.0487 -0.9794
-11.8763 14.5125 0.1139 0.1042 0.0482 0.1959 0.0487 -0.9794
-11.7332 13.8763 0.1811 0.0915 0.0994 0.1959 0.0487 -0.9794
-11.8241 14.0884 0.1268 0.1 0.0823 0.1959 0.0487 -0.9794
-11.8629 13.8763 0.0853 0.1042 0.0994 0.1959 0.0487 -0.9794
-11.8763 14.5125 0.1139 0.1042 0.0482 0.1959 0.0487 -0.9794
-11.3145 3.2122 0.3298 0.2291 0.1147 0 -1 0
-11.6319 3.2122 0.1167 0.3114 0.1273 0 -1 0
-11.0215 3.2122 0.4359 0.1615 0.1209 0 -1 0
-11.3145 3.2122 0.3298 0.2291 0.1147 0 -1 0
-11.6034 3.2122 0.2421 0.2941 0.1053 0 -1 0
-11.6319 3.2122 0.1167 0.3114 0.1273 0 -1 0
-11.3145 3.2122 0.3298 0.2291 0.1147 0 -1 0
-11.0013 3.2122 0.5247 0.1493 0.1053 0 -1 0
-11.6034 3.2122 0.2421 0.2941 0.1053 0 -1 0
-11.3145 3.2122 0.3298 0.2291 0.1147 0 -1 0
-11.0215 3.2122 0.4359 0.1615 0.1209 0 -1 0
-11.0013 3.2122 0.5247 0.1493 0.1053 0 -1 0
-11.5077 3.5151 0.1798 0.281 0.175 0 1 0
-11.8289 3.5151 0.0129 0.3598 0.1782 0 1 0
-11.3709 3.5151 0.3512 0.2382 0.1539 0 1 0
-11.5077 3.5151 0.1798 0.281 0.175 0 1 0
-11.7971 3.5151 -0.0548 0.3598 0.1945 0 1 0
-11.8289 3.5151 0.0129 0.3598 0.1782 0 1 0
-11.5077 3.5151 0.1798 0.281 0.175 0 1 0
-11.0338 3.5151 0.4099 0.1663 0.1735 0 1 0
-11.7971 3.5151 -0.0548 0.3598 0.1945 0 1 0
-11.5077 3.5151 0.1798 0.281 0.175 0 1 0
-11.3709 3.5151 0.3512 0.2382 0.1539 0 1 0
-11.0338 3.5151 0.4099 0.1663 0.1735 0 1 0
-11.5655 3.2122 0.1183 0.2981 0.1332 0 -1 0
-11.8046 3.2122 -0.0389 0.3598 0.142 0 -1 0
-11.8039 3.2122 -0.0404 0.3598 0.1424 0 -1 0
-11.5655 3.2122 0.1183 0.2981 0.1332 0 -1 0
-11.6319 3.2122 0.1167 0.3114 0.1273 0 -1 0
-11.8046 3.2122 -0.0389 0.3598 0.142 0 -1 0
-11.5655 3.2122 0.1183 0.2981 0.1332 0 -1 0
-11.0215 3.2122 0.4359 0.1615 0.1209 0 -1 0
-11.6319 3.2122 0.1167 0.3114 0.1273 0 -1 0
-11.5655 3.2122 0.1183 0.2981 0.1332 0 -1 0
-11.8039 3.2122 -0.0404 0.3598 0.1424 0 -1 0
-11.0215 3.2122 0.4359 0.1615 0.1209 0 -1 0
-11.3928 3.3636 0.1743 0.7958 0.0993 0.1078 0 -0.9942
-10.9948 3.2425 0.4167 0.6341 0.1347 0.1078 0 -0.9942
-11.7909 3.2425 -0.068 0.9556 0.1401 0.1078 0 -0.9942
-11.3928 3.3636 0.1743 0.7958 0.0993 0.1078 0 -0.9942
-10.9948 3.4848 0.4167 0.636 0.0584 0.1078 0 -0.9942
-10.9948 3.2425 0.4167 0.6341 0.1347 0.1078 0 -0.9942
-11.3928 3.3636 0.1743 0.7958 0.0993 0.1078 0 -0.9942
-11.7909 3.4848 -0.068 0.9555 0.0473 0.1078 0 -0.9942
-10.9948 3.4848 0.4167 0.636 0.0584 0.1078 0 -0.9942
-11.3928 3.3636 0.1743 0.7958 0.0993 0.1078 0 -0.9942
-11.7909 3.2425 -0.068 0.9556 0.1401 0.1078 0 -0.9942
-11.7909 3.4848 -0.068 0.9555 0.0473 0.1078 0 -0.9942
-11.7183 2.7274 0.0389 0.2413 0.5709 0.2906 0 -0.9569
-11.6319 2.2427 0.1167 0.2233 0.6493 0.2906 0 -0.9569
-11.8046 2.2427 -0.0389 0.2593 0.6493 0.2906 0 -0.9569
-11.7183 2.7274 0.0389 0.2413 0.5709 0.2906 0 -0.9569
-11.6319 3.2122 0.1167 0.2233 0.4925 0.2906 0 -0.9569
-11.6319 2.2427 0.1167 0.2233 0.6493 0.2906 0 -0.9569
-11.7183 2.7274 0.0389 0.2413 0.5709 0.2906 -0 -0.9569
-11.8046 3.2122 -0.0389 0.2593 0.4925 0.2906 -0 -0.9569
-11.6319 3.2122 0.1167 0.2233 0.4925 0.2906 -0 -0.9569
-11.7183 2.7274 0.0389 0.2413 0.5709 0.2906 0 -0.9569
-11.8046 2.2427 -0.0389 0.2593 0.6493 0.2906 0 -0.9569
-11.8046 3.2122 -0.0389 0.2593 0.4925 0.2906 0 -0.9569
-11.6177 2.7274 0.1794 0.2169 0.5709 0.7882 0 -0.6155
-11.6034 2.2427 0.2421 0.2105 0.6493 0.7882 0 -0.6155
-11.6319 2.2427 0.1167 0.2233 0.6493 0.7882 0 -0.6155
-11.6177 2.7274 0.1794 0.2169 0.5709 0.7882 0 -0.6155
-11.6034 3.2122 0.2421 0.2105 0.4925 0.7882 0 -0.6155
-11.6034 2.2427 0.2421 0.2105 0.6493 0.7882 0 -0.6155
-11.6177 2.7274 0.1794 0.2169 0.5709 0.7882 0 -0.6155
-11.6319 3.2122 0.1167 0.2233 0.4925 0.7882 0 -0.6155
-11.6034 3.2122 0.2421 0.2105 0.4925 0.7882 0 -0.6155
-11.6177 2.7274 0.1794 0.2169 0.5709 0.7882 0 -0.6155
-11.6319 2.2427 0.1167 0.2233 0.6493 0.7882 0 -0.6155
-11.6319 3.2122 0.1167 0.2233 0.4925 0.7882 0 -0.6155
-11.6429 1.6974 0.1715 0.2212 0.7375 0.7967 -0.0405 -0.603
-11.6784 1.152 0.1109 0.2305 0.8257 0.7967 -0.0405 -0.603
-11.6319 2.2427 0.1167 0.2233 0.6493 0.7967 -0.0405 -0.603
-11.6429 1.6974 0.1715 0.2212 0.7375 0.8074 -0.0427 -0.5885
-11.658 1.152 0.2164 0.2202 0.8257 0.8074 -0.0427 -0.5885
-11.6784 1.152 0.1109 0.2305 0.8257 0.8074 -0.0427 -0.5885
-11.6429 1.6974 0.1715 0.2212 0.7375 0.7966 -0.044 -0.6029
-11.6034 2.2427 0.2421 0.2105 0.6493 0.7966 -0.044 -0.6029
-11.658 1.152 0.2164 0.2202 0.8257 0.7966 -0.044 -0.6029
-11.6429 1.6974 0.1715 0.2212 0.7375 0.7875 -0.0419 -0.6149
-11.6319 2.2427 0.1167 0.2233 0.6493 0.7875 -0.0419 -0.6149
-11.6034 2.2427 0.2421 0.2105 0.6493 0.7875 -0.0419 -0.6149
-11.7324 1.6974 0.0429 0.2431 0.7375 0.2989 -0.0211 -0.954
-11.8148 1.152 -0.0171 0.2593 0.8257 0.2989 -0.0211 -0.954
-11.8046 2.2427 -0.0389 0.2593 0.6493 0.2989 -0.0211 -0.954
-11.7324 1.6974 0.0429 0.2431 0.7375 0.3093 -0.0231 -0.9507
-11.6784 1.152 0.1109 0.2305 0.8257 0.3093 -0.0231 -0.9507
-11.8148 1.152 -0.0171 0.2593 0.8257 0.3093 -0.0231 -0.9507
-11.7324 1.6974 0.0429 0.2431 0.7375 0.2989 -0.0248 -0.954
-11.6319 2.2427 0.1167 0.2233 0.6493 0.2989 -0.0248 -0.954
-11.6784 1.152 0.1109 0.2305 0.8257 0.2989 -0.0248 -0.954
-11.7324 1.6974 0.0429 0.2431 0.7375 0.2905 -0.0228 -0.9566
-11.8046 2.2427 -0.0389 0.2593 0.6493 0.2905 -0.0228 -0.9566
-11.6319 2.2427 0.1167 0.2233 0.6493 0.2905 -0.0228 -0.9566
-11.6845 0.8188 -0.0122 0.2395 0.8794 0.4015 0.2488 -0.8814
-11.5147 0.4855 0.0554 0.2103 0.9335 0.4015 0.2488 -0.8814
-11.73 0.4855 -0.1979 0.2593 0.9335 0.4015 0.2488 -0.8814
-11.6845 0.8188 -0.0122 0.2395 0.8794 0.3671 0.2306 -0.9012
-11.6784 1.152 0.1109 0.2305 0.8257 0.3671 0.2306 -0.9012
-11.5147 0.4855 0.0554 0.2103 0.9335 0.3671 0.2306 -0.9012
-11.6845 0.8188 -0.0122 0.2395 0.8794 0.2997 0.2488 -0.921
-11.8148 1.152 -0.0171 0.2593 0.8257 0.2997 0.2488 -0.921
-11.6784 1.152 0.1109 0.2305 0.8257 0.2997 0.2488 -0.921
-11.6845 0.8188 -0.0122 0.2395 0.8794 0.3635 0.2674 -0.8924
-11.73 0.4855 -0.1979 0.2593 0.9335 0.3635 0.2674 -0.8924
-11.8148 1.152 -0.0171 0.2593 0.8257 0.3635 0.2674 -0.8924
-11.589 0.8188 0.1677 0.213 0.8794 0.8631 0.2304 -0.4494
-11.5051 0.4855 0.2882 0.1929 0.9335 0.8631 0.2304 -0.4494
-11.5147 0.4855 0.0554 0.2103 0.9335 0.8631 0.2304 -0.4494
-11.589 0.8188 0.1677 0.213 0.8794 0.8442 0.2139 -0.4915
-11.658 1.152 0.2164 0.2202 0.8257 0.8442 0.2139 -0.4915
-11.5051 0.4855 0.2882 0.1929 0.9335 0.8442 0.2139 -0.4915
-11.589 0.8188 0.1677 0.213 0.8794 0.7874 0.2249 -0.5739
-11.6784 1.152 0.1109 0.2305 0.8257 0.7874 0.2249 -0.5739
-11.658 1.152 0.2164 0.2202 0.8257 0.7874 0.2249 -0.5739
-11.589 0.8188 0.1677 0.213 0.8794 0.838 0.2443 -0.4879
-11.5147 0.4855 0.0554 0.2103 0.9335 0.838 0.2443 -0.4879
-11.6784 1.152 0.1109 0.2305 0.8257 0.838 0.2443 -0.4879
-11.707 0.4451 -0.0095 0.3378 0.2517 0.1495 -0.9327 -0.3282
-11.73 0.4855 -0.1979 0.3598 0.2867 0.1495 -0.9327 -0.3282
-11.5147 0.4855 0.0554 0.2939 0.2567 0.1495 -0.9327 -0.3282
-11.707 0.4451 -0.0095 0.3378 0.2517 0.1495 -0.9327 -0.3282
-11.8763 0.3644 0.1139 0.3598 0.2117 0.1495 -0.9327 -0.3282
-11.73 0.4855 -0.1979 0.3598 0.2867 0.1495 -0.9327 -0.3282
-11.707 0.4451 -0.0095 0.3378 0.2517 0.1495 -0.9327 -0.3282
-11.5147 0.4855 0.0554 0.2939 0.2567 0.1495 -0.9327 -0.3282
-11.8763 0.3644 0.1139 0.3598 0.2117 0.1495 -0.9327 -0.3282
-11.632 0.4451 0.1525 0.3081 0.2267 0.2804 -0.9487 -0.146
-11.5147 0.4855 0.0554 0.2939 0.2567 0.2804 -0.9487 -0.146
-11.5051 0.4855 0.2882 0.2705 0.2117 0.2804 -0.9487 -0.146
-11.632 0.4451 0.1525 0.3081 0.2267 0.2804 -0.9487 -0.146
-11.8763 0.3644 0.1139 0.3598 0.2117 0.2804 -0.9487 -0.146
-11.5147 0.4855 0.0554 0.2939 0.2567 0.2804 -0.9487 -0.146
-11.632 0.4451 0.1525 0.3081 0.2267 0.2804 -0.9487 -0.146
-11.5051 0.4855 0.2882 0.2705 0.2117 0.2804 -0.9487 -0.146
-11.8763 0.3644 0.1139 0.3598 0.2117 0.2804 -0.9487 -0.146
-10.9806 3.3636 0.4788 0.6127 0.0934 0.7886 -0 -0.6149
-10.9665 3.2425 0.541 0.5913 0.1416 0.7886 -0 -0.6149
-10.9948 3.2425 0.4167 0.6341 0.1347 0.7886 -0 -0.6149
-10.9806 3.3636 0.4788 0.6127 0.0934 0.7886 0 -0.6149
-10.9665 3.4848 0.541 0.5913 0.0521 0.7886 0 -0.6149
-10.9665 3.2425 0.541 0.5913 0.1416 0.7886 0 -0.6149
-10.9806 3.3636 0.4788 0.6127 0.0934 0.7886 0 -0.6149
-10.9948 3.4848 0.4167 0.636 0.0584 0.7886 0 -0.6149
-10.9665 3.4848 0.541 0.5913 0.0521 0.7886 0 -0.6149
-10.9806 3.3636 0.4788 0.6127 0.0934 0.7886 0 -0.6149
-10.9948 3.2425 0.4167 0.6341 0.1347 0.7886 0 -0.6149
-10.9948 3.4848 0.4167 0.636 0.0584 0.7886 0 -0.6149
-11.1377 3.5151 0.4275 0.1852 0.1604 0 1 0
-11.0085 3.5151 0.5213 0.151 0.1539 0 1 0
-11.0338 3.5151 0.4099 0.1663 0.1735 0 1 0
-11.1377 3.5151 0.4275 0.1852 0.1604 0 1 0
-11.3709 3.5151 0.3512 0.2382 0.1539 0 1 0
-11.0085 3.5151 0.5213 0.151 0.1539 0 1 0
-11.1377 3.5151 0.4275 0.1852 0.1604 0 1 0
-11.0338 3.5151 0.4099 0.1663 0.1735 0 1 0
-11.3709 3.5151 0.3512 0.2382 0.1539 0 1 0
-11.0009 3.5 0.4722 0.6198 0.0467 0.5031 0.77 -0.3924
-10.9665 3.4848 0.541 0.5913 0.0521 0.5031 0.77 -0.3924
-10.9948 3.4848 0.4167 0.636 0.0584 0.5031 0.77 -0.3924
-11.0009 3.5 0.4722 0.6198 0.0467 0.5031 0.77 -0.3924
-11.0085 3.5151 0.5213 0.606 0.0354 0.5031 0.77 -0.3924
-10.9665 3.4848 0.541 0.5913 0.0521 0.5031 0.77 -0.3924
-11.0009 3.5 0.4722 0.6198 0.0467 0.5031 0.77 -0.3924
-11.0338 3.5151 0.4099 0.6464 0.0459 0.5031 0.77 -0.3924
-11.0085 3.5151 0.5213 0.606 0.0354 0.5031 0.77 -0.3924
-11.0009 3.5 0.4722 0.6198 0.0467 0.5031 0.77 -0.3924
-10.9948 3.4848 0.4167 0.636 0.0584 0.5031 0.77 -0.3924
-11.0338 3.5151 0.4099 0.6464 0.0459 0.5031 0.77 -0.3924
-11.4041 3.5 0.1759 0.7977 0.0467 0.0973 0.4315 -0.8968
-10.9948 3.4848 0.4167 0.636 0.0584 0.0973 0.4315 -0.8968
-11.7909 3.4848 -0.068 0.9555 0.0473 0.0973 0.4315 -0.8968
-11.4041 3.5 0.1759 0.7977 0.0467 0.0973 0.4316 -0.8968
-11.0338 3.5151 0.4099 0.6464 0.0459 0.0973 0.4316 -0.8968
-10.9948 3.4848 0.4167 0.636 0.0584 0.0973 0.4316 -0.8968
-11.4041 3.5 0.1759 0.7977 0.0467 0.0973 0.4315 -0.8968
-11.7971 3.5151 -0.0548 0.9546 0.0358 0.0973 0.4315 -0.8968
-11.0338 3.5151 0.4099 0.6464 0.0459 0.0973 0.4315 -0.8968
-11.4041 3.5 0.1759 0.7977 0.0467 0.0973 0.4315 -0.8968
-11.7909 3.4848 -0.068 0.9555 0.0473 0.0973 0.4315 -0.8968
-11.7971 3.5151 -0.0548 0.9546 0.0358 0.0973 0.4315 -0.8968
-10.996 3.2273 0.4796 0.6155 0.1459 0.5576 -0.7071 -0.4348
-11.0215 3.2122 0.4359 0.6351 0.1493 0.5576 -0.7071 -0.4348
-10.9948 3.2425 0.4167 0.6341 0.1347 0.5576 -0.7071 -0.4348
-10.996 3.2273 0.4796 0.6155 0.1459 0.5576 -0.7071 -0.4348
-11.0013 3.2122 0.5247 0.6029 0.1563 0.5576 -0.7071 -0.4348
-11.0215 3.2122 0.4359 0.6351 0.1493 0.5576 -0.7071 -0.4348
-10.996 3.2273 0.4796 0.6155 0.1459 0.5576 -0.7071 -0.4348
-10.9665 3.2425 0.541 0.5913 0.1416 0.5576 -0.7071 -0.4348
-11.0013 3.2122 0.5247 0.6029 0.1563 0.5576 -0.7071 -0.4348
-10.996 3.2273 0.4796 0.6155 0.1459 0.5576 -0.7071 -0.4348
-10.9948 3.2425 0.4167 0.6341 0.1347 0.5576 -0.7071 -0.4348
-10.9665 3.2425 0.541 0.5913 0.1416 0.5576 -0.7071 -0.4348
-11.4027 3.2273 0.186 0.7939 0.1447 0.0762 -0.7071 -0.703
-11.8039 3.2122 -0.0404 0.9542 0.155 0.0762 -0.7071 -0.703
-11.7909 3.2425 -0.068 0.9556 0.1401 0.0762 -0.7071 -0.703
-11.4027 3.2273 0.186 0.7939 0.1447 0.0762 -0.7071 -0.703
-11.0215 3.2122 0.4359 0.6351 0.1493 0.0762 -0.7071 -0.703
-11.8039 3.2122 -0.0404 0.9542 0.155 0.0762 -0.7071 -0.703
-11.4027 3.2273 0.186 0.7939 0.1447 0.0762 -0.7071 -0.703
-10.9948 3.2425 0.4167 0.6341 0.1347 0.0762 -0.7071 -0.703
-11.0215 3.2122 0.4359 0.6351 0.1493 0.0762 -0.7071 -0.703
-11.4027 3.2273 0.186 0.7939 0.1447 0.0762 -0.7071 -0.703
-11.7909 3.2425 -0.068 0.9556 0.1401 0.0762 -0.7071 -0.703
-10.9948 3.2425 0.4167 0.6341 0.1347 0.0762 -0.7071 -0.703
-12.1362 4.3937 0.05 0.0831 0.8619 -0.1961 0.0075 0.9806
-12.3818 3.5151 -0.1233 0.0593 0.9326 -0.1961 0.0075 0.9806
-11.9238 3.5151 0.215 0.1042 0.9326 -0.1961 0.0075 0.9806
-12.1362 4.3937 0.05 0.0831 0.8619 -0.1961 0.0075 0.9806
-12.3211 5.2723 -0.0948 0.0647 0.7913 -0.1961 0.0075 0.9806
-12.3818 3.5151 -0.1233 0.0593 0.9326 -0.1961 0.0075 0.9806
-12.1362 4.3937 0.05 0.0831 0.8619 -0.1961 0.0075 0.9806
-11.9181 5.2723 0.2029 0.1042 0.7913 -0.1961 0.0075 0.9806
-12.3211 5.2723 -0.0948 0.0647 0.7913 -0.1961 0.0075 0.9806
-12.1362 4.3937 0.05 0.0831 0.8619 -0.1961 0.0075 0.9806
-11.9238 3.5151 0.215 0.1042 0.9326 -0.1961 0.0075 0.9806
-11.9181 5.2723 0.2029 0.1042 0.7913 -0.1961 0.0075 0.9806
-12.1318 6.7871 0.051 0.0835 0.6695 -0.1961 -0.0032 0.9806
-12.3656 8.3019 -0.1157 0.0608 0.5477 -0.1961 -0.0032 0.9806
-12.3211 5.2723 -0.0948 0.0647 0.7913 -0.1961 -0.0032 0.9806
-12.1318 6.7871 0.051 0.0835 0.6695 -0.1961 -0.0032 0.9806
-11.9222 8.3019 0.2118 0.1042 0.5477 -0.1961 -0.0032 0.9806
-12.3656 8.3019 -0.1157 0.0608 0.5477 -0.1961 -0.0032 0.9806
-12.1318 6.7871 0.051 0.0835 0.6695 -0.1961 -0.0032 0.9806
-11.9181 5.2723 0.2029 0.1042 0.7913 -0.1961 -0.0032 0.9806
-11.9222 8.3019 0.2118 0.1042 0.5477 -0.1961 -0.0032 0.9806
-12.1318 6.7871 0.051 0.0835 0.6695 -0.1961 -0.0032 0.9806
-12.3211 5.2723 -0.0948 0.0647 0.7913 -0.1961 -0.0032 0.9806
-11.9181 5.2723 0.2029 0.1042 0.7913 -0.1961 -0.0032 0.9806
-12.1519 8.9987 0.0461 0.0819 0.4916 -0.1961 -0.0046 0.9806
-12.3949 9.6955 -0.1295 0.0582 0.4356 -0.1961 -0.0046 0.9806
-12.3656 8.3019 -0.1157 0.0608 0.5477 -0.1961 -0.0046 0.9806
-12.1519 8.9987 0.0461 0.0819 0.4916 -0.1961 -0.0046 0.9806
-11.925 9.6955 0.2177 0.1042 0.4356 -0.1961 -0.0046 0.9806
-12.3949 9.6955 -0.1295 0.0582 0.4356 -0.1961 -0.0046 0.9806
-12.1519 8.9987 0.0461 0.0819 0.4916 -0.1961 -0.0046 0.9806
-11.9222 8.3019 0.2118 0.1042 0.5477 -0.1961 -0.0046 0.9806
-11.925 9.6955 0.2177 0.1042 0.4356 -0.1961 -0.0046 0.9806
-12.1519 8.9987 0.0461 0.0819 0.4916 -0.1961 -0.0046 0.9806
-12.3656 8.3019 -0.1157 0.0608 0.5477 -0.1961 -0.0046 0.9806
-11.9222 8.3019 0.2118 0.1042 0.5477 -0.1961 -0.0046 0.9806
-12.143 10.4832 0.0483 0.0826 0.3723 -0.1961 0.0086 0.9805
-12.3949 9.6955 -0.1295 0.0582 0.4356 -0.1961 0.0086 0.9805
-11.925 9.6955 0.2177 0.1042 0.4356 -0.1961 0.0086 0.9805
-12.143 10.4832 0.0483 0.0826 0.3723 -0.1961 0.0086 0.9805
-12.3327 11.2709 -0.1003 0.0637 0.3089 -0.1961 0.0086 0.9805
-12.3949 9.6955 -0.1295 0.0582 0.4356 -0.1961 0.0086 0.9805
-12.143 10.4832 0.0483 0.0826 0.3723 -0.1961 0.0086 0.9805
-11.9192 11.2709 0.2052 0.1042 0.3089 -0.1961 0.0086 0.9805
-12.3327 11.2709 -0.1003 0.0637 0.3089 -0.1961 0.0086 0.9805
-12.143 10.4832 0.0483 0.0826 0.3723 -0.1961 0.0086 0.9805
-11.925 9.6955 0.2177 0.1042 0.4356 -0.1961 0.0086 0.9805
-11.9192 11.2709 0.2052 0.1042 0.3089 -0.1961 0.0086 0.9805
-12.0723 12.1192 0.0657 0.0883 0.2407 -0.1961 0.0251 0.9803
-12.3327 11.2709 -0.1003 0.0637 0.3089 -0.1961 0.0251 0.9803
-11.9192 11.2709 0.2052 0.1042 0.3089 -0.1961 0.0251 0.9803
-12.0723 12.1192 0.0657 0.0883 0.2407 -0.1961 0.0251 0.9803
-12.1365 12.9674 -0.0082 0.0811 0.1725 -0.1961 0.0251 0.9803
-12.3327 11.2709 -0.1003 0.0637 0.3089 -0.1961 0.0251 0.9803
-12.0723 12.1192 0.0657 0.0883 0.2407 -0.1961 0.0251 0.9803
-11.9007 12.9674 0.166 0.1042 0.1725 -0.1961 0.0251 0.9803
-12.1365 12.9674 -0.0082 0.0811 0.1725 -0.1961 0.0251 0.9803
-12.0723 12.1192 0.0657 0.0883 0.2407 -0.1961 0.0251 0.9803
-11.9192 11.2709 0.2052 0.1042 0.3089 -0.1961 0.0251 0.9803
-11.9007 12.9674 0.166 0.1042 0.1725 -0.1961 0.0251 0.9803
-11.9866 13.4219 0.0868 0.0953 0.1359 -0.196 0.0279 0.9802
-12.1365 12.9674 -0.0082 0.0811 0.1725 -0.196 0.0279 0.9802
-11.9007 12.9674 0.166 0.1042 0.1725 -0.196 0.0279 0.9802
-11.9866 13.4219 0.0868 0.0953 0.1359 -0.196 0.0279 0.9802
-12.0194 13.8763 0.0468 0.0915 0.0994 -0.196 0.0279 0.9802
-12.1365 12.9674 -0.0082 0.0811 0.1725 -0.196 0.0279 0.9802
-11.9866 13.4219 0.0868 0.0953 0.1359 -0.196 0.0279 0.9802
-11.8897 13.8763 0.1426 0.1042 0.0994 -0.196 0.0279 0.9802
-12.0194 13.8763 0.0468 0.0915 0.0994 -0.196 0.0279 0.9802
-11.9866 13.4219 0.0868 0.0953 0.1359 -0.196 0.0279 0.9802
-11.9007 12.9674 0.166 0.1042 0.1725 -0.196 0.0279 0.9802
-11.8897 13.8763 0.1426 0.1042 0.0994 -0.196 0.0279 0.9802
-11.9285 14.0884 0.1011 0.1 0.0823 -0.1959 0.0487 0.9794
-12.0194 13.8763 0.0468 0.0915 0.0994 -0.1959 0.0487 0.9794
-11.8897 13.8763 0.1426 0.1042 0.0994 -0.1959 0.0487 0.9794
-11.9285 14.0884 0.1011 0.1 0.0823 -0.1959 0.0487 0.9794
-11.8763 14.5125 0.1139 0.1042 0.0482 -0.1959 0.0487 0.9794
-12.0194 13.8763 0.0468 0.0915 0.0994 -0.1959 0.0487 0.9794
-11.9285 14.0884 0.1011 0.1 0.0823 -0.1959 0.0487 0.9794
-11.8897 13.8763 0.1426 0.1042 0.0994 -0.1959 0.0487 0.9794
-11.8763 14.5125 0.1139 0.1042 0.0482 -0.1959 0.0487 0.9794
-12.4381 3.2122 -0.1019 0.2291 0.1147 0 -1 0
-12.1207 3.2122 0.1112 0.3114 0.1273 0 -1 0
-12.7312 3.2122 -0.208 0.1615 0.1209 0 -1 0
-12.4381 3.2122 -0.1019 0.2291 0.1147 0 -1 0
-12.1493 3.2122 -0.0142 0.2941 0.1053 0 -1 0
-12.1207 3.2122 0.1112 0.3114 0.1273 0 -1 0
-12.4381 3.2122 -0.1019 0.2291 0.1147 0 -1 0
-12.7513 3.2122 -0.2968 0.1493 0.1053 0 -1 0
-12.1493 3.2122 -0.0142 0.2941 0.1053 0 -1 0
-12.4381 3.2122 -0.1019 0.2291 0.1147 0 -1 0
-12.7312 3.2122 -0.208 0.1615 0.1209 0 -1 0
-12.7513 3.2122 -0.2968 0.1493 0.1053 0 -1 0
-12.245 3.5151 0.0481 0.281 0.175 0 1 0
-11.9238 3.5151 0.215 0.3598 0.1782 0 1 0
-12.3818 3.5151 -0.1233 0.2382 0.1539 0 1 0
-12.245 3.5151 0.0481 0.281 0.175 0 1 0
-11.9555 3.5151 0.2827 0.3598 0.1945 0 1 0
-11.9238 3.5151 0.215 0.3598 0.1782 0 1 0
-12.245 3.5151 0.0481 0.281 0.175 0 1 0
-12.7188 3.5151 -0.182 0.1663 0.1735 0 1 0
-11.9555 3.5151 0.2827 0.3598 0.1945 0 1 0
-12.245 3.5151 0.0481 0.281 0.175 0 1 0
-12.3818 3.5151 -0.1233 0.2382 0.1539 0 1 0
-12.7188 3.5151 -0.182 0.1663 0.1735 0 1 0
-12.1872 3.2122 0.1096 0.2981 0.1332 0 -1 0
-11.9481 3.2122 0.2668 0.3598 0.142 0 -1 0
-11.9488 3.2122 0.2683 0.3598 0.1424 0 -1 0
-12.1872 3.2122 0.1096 0.2981 0.1332 0 -1 0
-12.1207 3.2122 0.1112 0.3114 0.1273 0 -1 0
-11.9481 3.2122 0.2668 0.3598 0.142 0 -1 0
-12.1872 3.2122 0.1096 0.2981 0.1332 0 -1 0
-12.7312 3.2122 -0.208 0.1615 0.1209 0 -1 0
-12.1207 3.2122 0.1112 0.3114 0.1273 0 -1 0
-12.1872 3.2122 0.1096 0.2981 0.1332 0 -1 0
-11.9488 3.2122 0.2683 0.3598 0.1424 0 -1 0
-12.7312 3.2122 -0.208 0.1615 0.1209 0 -1 0
-12.3598 3.3636 0.0535 0.7958 0.0993 -0.1078 0 0.9942
-12.7579 3.2425 -0.1888 0.6341 0.1347 -0.1078 0 0.9942
-11.9617 3.2425 0.2959 0.9556 0.1401 -0.1078 0 0.9942
-12.3598 3.3636 0.0535 0.7958 0.0993 -0.1078 0 0.9942
-12.7579 3.4848 -0.1888 0.636 0.0584 -0.1078 0 0.9942
-12.7579 3.2425 -0.1888 0.6341 0.1347 -0.1078 0 0.9942
-12.3598 3.3636 0.0535 0.7958 0.0993 -0.1078 0 0.9942
-11.9617 3.4848 0.2959 0.9555 0.0473 -0.1078 0 0.9942
-12.7579 3.4848 -0.1888 0.636 0.0584 -0.1078 0 0.9942
-12.3598 3.3636 0.0535 0.7958 0.0993 -0.1078 0 0.9942
-11.9617 3.2425 0.2959 0.9556 0.1401 -0.1078 0 0.9942
-11.9617 3.4848 0.2959 0.9555 0.0473 -0.1078 0 0.9942
-12.0344 2.7274 0.189 0.2413 0.5709 -0.2906 0 0.9569
-12.1207 2.2427 0.1112 0.2233 0.6493 -0.2906 0 0.9569
-11.9481 2.2427 0.2668 0.2593 0.6493 -0.2906 0 0.9569
-12.0344 2.7274 0.189 0.2413 0.5709 -0.2906 0 0.9569
-12.1207 3.2122 0.1112 0.2233 0.4925 -0.2906 0 0.9569
-12.1207 2.2427 0.1112 0.2233 0.6493 -0.2906 0 0.9569
-12.0344 2.7274 0.189 0.2413 0.5709 -0.2906 -0 0.9569
-11.9481 3.2122 0.2668 0.2593 0.4925 -0.2906 -0 0.9569
-12.1207 3.2122 0.1112 0.2233 0.4925 -0.2906 -0 0.9569
-12.0344 2.7274 0.189 0.2413 0.5709 -0.2906 0 0.9569
-11.9481 2.2427 0.2668 0.2593 0.6493 -0.2906 0 0.9569
-11.9481 3.2122 0.2668 0.2593 0.4925 -0.2906 0 0.9569
-12.135 2.7274 0.0485 0.2169 0.5709 -0.7882 0 0.6155
-12.1493 2.2427 -0.0142 0.2105 0.6493 -0.7882 0 0.6155
-12.1207 2.2427 0.1112 0.2233 0.6493 -0.7882 0 0.6155
-12.135 2.7274 0.0485 0.2169 0.5709 -0.7882 0 0.6155
-12.1493 3.2122 -0.0142 0.2105 0.4925 -0.7882 0 0.6155
-12.1493 2.2427 -0.0142 0.2105 0.6493 -0.7882 0 0.6155
-12.135 2.7274 0.0485 0.2169 0.5709 -0.7882 0 0.6155
-12.1207 3.2122 0.1112 0.2233 0.4925 -0.7882 0 0.6155
-12.1493 3.2122 -0.0142 0.2105 0.4925 -0.7882 0 0.6155
-12.135 2.7274 0.0485 0.2169 0.5709 -0.7882 0 0.6155
-12.1207 2.2427 0.1112 0.2233 0.6493 -0.7882 0 0.6155
-12.1207 3.2122 0.1112 0.2233 0.4925 -0.7882 0 0.6155
-12.1097 1.6974 0.0564 0.2212 0.7375 -0.7967 -0.0405 0.603
-12.0743 1.152 0.117 0.2305 0.8257 -0.7967 -0.0405 0.603
-12.1207 2.2427 0.1112 0.2233 0.6493 -0.7967 -0.0405 0.603
-12.1097 1.6974 0.0564 0.2212 0.7375 -0.8074 -0.0427 0.5885
-12.0947 1.152 0.0115 0.2202 0.8257 -0.8074 -0.0427 0.5885
-12.0743 1.152 0.117 0.2305 0.8257 -0.8074 -0.0427 0.5885
-12.1097 1.6974 0.0564 0.2212 0.7375 -0.7966 -0.044 0.6029
-12.1493 2.2427 -0.0142 0.2105 0.6493 -0.7966 -0.044 0.6029
-12.0947 1.152 0.0115 0.2202 0.8257 -0.7966 -0.044 0.6029
-12.1097 1.6974 0.0564 0.2212 0.7375 -0.7875 -0.0419 0.6149
-12.1207 2.2427 0.1112 0.2233 0.6493 -0.7875 -0.0419 0.6149
-12.1493 2.2427 -0.0142 0.2105 0.6493 -0.7875 -0.0419 0.6149
-12.0202 1.6974 0.185 0.2431 0.7375 -0.2989 -0.0211 0.954
-11.9378 1.152 0.245 0.2593 0.8257 -0.2989 -0.0211 0.954
-11.9481 2.2427 0.2668 0.2593 0.6493 -0.2989 -0.0211 0.954
-12.0202 1.6974 0.185 0.2431 0.7375 -0.3093 -0.0231 0.9507
-12.0743 1.152 0.117 0.2305 0.8257 -0.3093 -0.0231 0.9507
-11.9378 1.152 0.245 0.2593 0.8257 -0.3093 -0.0231 0.9507
-12.0202 1.6974 0.185 0.2431 0.7375 -0.2989 -0.0248 0.954
-12.1207 2.2427 0.1112 0.2233 0.6493 -0.2989 -0.0248 0.954
-12.0743 1.152 0.117 0.2305 0.8257 -0.2989 -0.0248 0.954
-12.0202 1.6974 0.185 0.2431 0.7375 -0.2905 -0.0228 0.9566
-11.9481 2.2427 0.2668 0.2593 0.6493 -0.2905 -0.0228 0.9566
-12.1207 2.2427 0.1112 0.2233 0.6493 -0.2905 -0.0228 0.9566
-12.0682 0.8188 0.24 0.2395 0.8794 -0.4015 0.2488 0.8814
-12.2379 0.4855 0.1725 0.2103 0.9335 -0.4015 0.2488 0.8814
-12.0227 0.4855 0.4258 0.2593 0.9335 -0.4015 0.2488 0.8814
-12.0682 0.8188 0.24 0.2395 0.8794 -0.3671 0.2306 0.9012
-12.0743 1.152 0.117 0.2305 0.8257 -0.3671 0.2306 0.9012
-12.2379 0.4855 0.1725 0.2103 0.9335 -0.3671 0.2306 0.9012
-12.0682 0.8188 0.24 0.2395 0.8794 -0.2997 0.2488 0.921
-11.9378 1.152 0.245 0.2593 0.8257 -0.2997 0.2488 0.921
-12.0743 1.152 0.117 0.2305 0.8257 -0.2997 0.2488 0.921
-12.0682 0.8188 0.24 0.2395 0.8794 -0.3635 0.2674 0.8924
-12.0227 0.4855 0.4258 0.2593 0.9335 -0.3635 0.2674 0.8924
-11.9378 1.152 0.245 0.2593 0.8257 -0.3635 0.2674 0.8924
-12.1636 0.8188 0.0602 0.213 0.8794 -0.8631 0.2304 0.4494
-12.2475 0.4855 -0.0603 0.1929 0.9335 -0.8631 0.2304 0.4494
-12.2379 0.4855 0.1725 0.2103 0.9335 -0.8631 0.2304 0.4494
-12.1636 0.8188 0.0602 0.213 0.8794 -0.8442 0.2139 0.4915
-12.0947 1.152 0.0115 0.2202 0.8257 -0.8442 0.2139 0.4915
-12.2475 0.4855 -0.0603 0.1929 0.9335 -0.8442 0.2139 0.4915
-12.1636 0.8188 0.0602 0.213 0.8794 -0.7874 0.2249 0.5739
-12.0743 1.152 0.117 0.2305 0.8257 -0.7874 0.2249 0.5739
-12.0947 1.152 0.0115 0.2202 0.8257 -0.7874 0.2249 0.5739
-12.1636 0.8188 0.0602 0.213 0.8794 -0.838 0.2443 0.4879
-12.2379 0.4855 0.1725 0.2103 0.9335 -0.838 0.2443 0.4879
-12.0743 1.152 0.117 0.2305 0.8257 -0.838 0.2443 0.4879
-12.0456 0.4451 0.2374 0.3378 0.2517 -0.1495 -0.9327 0.3282
-12.0227 0.4855 0.4258 0.3598 0.2867 -0.1495 -0.9327 0.3282
-12.2379 0.4855 0.1725 0.2939 0.2567 -0.1495 -0.9327 0.3282
-12.0456 0.4451 0.2374 0.3378 0.2517 -0.1495 -0.9327 0.3282
-11.8763 0.3644 0.1139 0.3598 0.2117 -0.1495 -0.9327 0.3282
-12.0227 0.4855 0.4258 0.3598 0.2867 -0.1495 -0.9327 0.3282
-12.0456 0.4451 0.2374 0.3378 0.2517 -0.1495 -0.9327 0.3282
-12.2379 0.4855 0.1725 0.2939 0.2567 -0.1495 -0.9327 0.3282
-11.8763 0.3644 0.1139 0.3598 0.2117 -0.1495 -0.9327 0.3282
-12.1206 0.4451 0.0754 0.3081 0.2267 -0.2804 -0.9487 0.146
-12.2379 0.4855 0.1725 0.2939 0.2567 -0.2804 -0.9487 0.146
-12.2475 0.4855 -0.0603 0.2705 0.2117 -0.2804 -0.9487 0.146
-12.1206 0.4451 0.0754 0.3081 0.2267 -0.2804 -0.9487 0.146
-11.8763 0.3644 0.1139 0.3598 0.2117 -0.2804 -0.9487 0.146
-12.2379 0.4855 0.1725 0.2939 0.2567 -0.2804 -0.9487 0.146
-12.1206 0.4451 0.0754 0.3081 0.2267 -0.2804 -0.9487 0.146
-12.2475 0.4855 -0.0603 0.2705 0.2117 -0.2804 -0.9487 0.146
-11.8763 0.3644 0.1139 0.3598 0.2117 -0.2804 -0.9487 0.146
-12.772 3.3636 -0.251 0.6127 0.0934 -0.7886 -0 0.6149
-12.7861 3.2425 -0.3131 0.5913 0.1416 -0.7886 -0 0.6149
-12.7579 3.2425 -0.1888 0.6341 0.1347 -0.7886 -0 0.6149
-12.772 3.3636 -0.251 0.6127 0.0934 -0.7886 0 0.6149
-12.7861 3.4848 -0.3131 0.5913 0.0521 -0.7886 0 0.6149
-12.7861 3.2425 -0.3131 0.5913 0.1416 -0.7886 0 0.6149
-12.772 3.3636 -0.251 0.6127 0.0934 -0.7886 0 0.6149
-12.7579 3.4848 -0.1888 0.636 0.0584 -0.7886 0 0.6149
-12.7861 3.4848 -0.3131 0.5913 0.0521 -0.7886 0 0.6149
-12.772 3.3636 -0.251 0.6127 0.0934 -0.7886 0 0.6149
-12.7579 3.2425 -0.1888 0.6341 0.1347 -0.7886 0 0.6149
-12.7579 3.4848 -0.1888 0.636 0.0584 -0.7886 0 0.6149
-12.6149 3.5151 -0.1996 0.1852 0.1604 0 1 0
-12.7441 3.5151 -0.2934 0.151 0.1539 0 1 0
-12.7188 3.5151 -0.182 0.1663 0.1735 0 1 0
-12.6149 3.5151 -0.1996 0.1852 0.1604 0 1 0
-12.3818 3.5151 -0.1233 0.2382 0.1539 0 1 0
-12.7441 3.5151 -0.2934 0.151 0.1539 0 1 0
-12.6149 3.5151 -0.1996 0.1852 0.1604 0 1 0
-12.7188 3.5151 -0.182 0.1663 0.1735 0 1 0
-12.3818 3.5151 -0.1233 0.2382 0.1539 0 1 0
-12.7517 3.5 -0.2443 0.6198 0.0467 -0.5031 0.77 0.3924
-12.7861 3.4848 -0.3131 0.5913 0.0521 -0.5031 0.77 0.3924
-12.7579 3.4848 -0.1888 0.636 0.0584 -0.5031 0.77 0.3924
-12.7517 3.5 -0.2443 0.6198 0.0467 -0.5031 0.77 0.3924
-12.7441 3.5151 -0.2934 0.606 0.0354 -0.5031 0.77 0.3924
-12.7861 3.4848 -0.3131 0.5913 0.0521 -0.5031 0.77 0.3924
-12.7517 3.5 -0.2443 0.6198 0.0467 -0.5031 0.77 0.3924
-12.7188 3.5151 -0.182 0.6464 0.0459 -0.5031 0.77 0.3924
-12.7441 3.5151 -0.2934 0.606 0.0354 -0.5031 0.77 0.3924
-12.7517 3.5 -0.2443 0.6198 0.0467 -0.5031 0.77 0.3924
-12.7579 3.4848 -0.1888 0.636 0.0584 -0.5031 0.77 0.3924
-12.7188 3.5151 -0.182 0.6464 0.0459 -0.5031 0.77 0.3924
-12.3485 3.5 0.0519 0.7977 0.0467 -0.0973 0.4315 0.8968
-12.7579 3.4848 -0.1888 0.636 0.0584 -0.0973 0.4315 0.8968
-11.9617 3.4848 0.2959 0.9555 0.0473 -0.0973 0.4315 0.8968
-12.3485 3.5 0.0519 0.7977 0.0467 -0.0973 0.4316 0.8968
-12.7188 3.5151 -0.182 0.6464 0.0459 -0.0973 0.4316 0.8968
-12.7579 3.4848 -0.1888 0.636 0.0584 -0.0973 0.4316 0.8968
-12.3485 3.5 0.0519 0.7977 0.0467 -0.0973 0.4315 0.8968
-11.9555 3.5151 0.2827 0.9546 0.0358 -0.0973 0.4315 0.8968
-12.7188 3.5151 -0.182 0.6464 0.0459 -0.0973 0.4315 0.8968
-12.3485 3.5 0.0519 0.7977 0.0467 -0.0973 0.4315 0.8968
-11.9617 3.4848 0.2959 0.9555 0.0473 -0.0973 0.4315 0.8968
-11.9555 3.5151 0.2827 0.9546 0.0358 -0.0973 0.4315 0.8968
-12.7566 3.2273 -0.2517 0.6155 0.1459 -0.5576 -0.7071 0.4348
-12.7312 3.2122 -0.208 0.6351 0.1493 -0.5576 -0.7071 0.4348
-12.7579 3.2425 -0.1888 0.6341 0.1347 -0.5576 -0.7071 0.4348
-12.7566 3.2273 -0.2517 0.6155 0.1459 -0.5576 -0.7071 0.4348
-12.7513 3.2122 -0.2968 0.6029 0.1563 -0.5576 -0.7071 0.4348
-12.7312 3.2122 -0.208 0.6351 0.1493 -0.5576 -0.7071 0.4348
-12.7566 3.2273 -0.2517 0.6155 0.1459 -0.5576 -0.7071 0.4348
-12.7861 3.2425 -0.3131 0.5913 0.1416 -0.5576 -0.7071 0.4348
-12.7513 3.2122 -0.2968 0.6029 0.1563 -0.5576 -0.7071 0.4348
-12.7566 3.2273 -0.2517 0.6155 0.1459 -0.5576 -0.7071 0.4348
-12.7579 3.2425 -0.1888 0.6341 0.1347 -0.5576 -0.7071 0.4348
-12.7861 3.2425 -0.3131 0.5913 0.1416 -0.5576 -0.7071 0.4348
-12.3499 3.2273 0.0418 0.7939 0.1447 -0.0762 -0.7071 0.703
-11.9488 3.2122 0.2683 0.9542 0.155 -0.0762 -0.7071 0.703
-11.9617 3.2425 0.2959 0.9556 0.1401 -0.0762 -0.7071 0.703
-12.3499 3.2273 0.0418 0.7939 0.1447 -0.0762 -0.7071 0.703
-12.7312 3.2122 -0.208 0.6351 0.1493 -0.0762 -0.7071 0.703
-11.9488 3.2122 0.2683 0.9542 0.155 -0.0762 -0.7071 0.703
-12.3499 3.2273 0.0418 0.7939 0.1447 -0.0762 -0.7071 0.703
-12.7579 3.2425 -0.1888 0.6341 0.1347 -0.0762 -0.7071 0.703
-12.7312 3.2122 -0.208 0.6351 0.1493 -0.0762 -0.7071 0.703
-12.3499 3.2273 0.0418 0.7939 0.1447 -0.0762 -0.7071 0.703
-11.9617 3.2425 0.2959 0.9556 0.1401 -0.0762 -0.7071 0.703
-12.7579 3.2425 -0.1888 0.6341 0.1347 -0.0762 -0.7071 0.703
-11.6611 4.3937 0.273 0.0831 0.8619 0.1961 0.0075 0.9806
-11.9181 5.2723 0.2029 0.1042 0.7913 0.1961 0.0075 0.9806
-11.9238 3.5151 0.215 0.1042 0.9326 0.1961 0.0075 0.9806
-11.6611 4.3937 0.273 0.0831 0.8619 0.1961 0.0075 0.9806
-11.4315 5.2723 0.3227 0.0647 0.7913 0.1961 0.0075 0.9806
-11.9181 5.2723 0.2029 0.1042 0.7913 0.1961 0.0075 0.9806
-11.6611 4.3937 0.273 0.0831 0.8619 0.1961 0.0075 0.9806
-11.3709 3.5151 0.3512 0.0593 0.9326 0.1961 0.0075 0.9806
-11.4315 5.2723 0.3227 0.0647 0.7913 0.1961 0.0075 0.9806
-11.6611 4.3937 0.273 0.0831 0.8619 0.1961 0.0075 0.9806
-11.9238 3.5151 0.215 0.1042 0.9326 0.1961 0.0075 0.9806
-11.3709 3.5151 0.3512 0.0593 0.9326 0.1961 0.0075 0.9806
-11.6647 6.7871 0.2703 0.0835 0.6695 0.1961 -0.0032 0.9806
-11.387 8.3019 0.3436 0.0608 0.5477 0.1961 -0.0032 0.9806
-11.9222 8.3019 0.2118 0.1042 0.5477 0.1961 -0.0032 0.9806
-11.6647 6.7871 0.2703 0.0835 0.6695 0.1961 -0.0032 0.9806
-11.4315 5.2723 0.3227 0.0647 0.7913 0.1961 -0.0032 0.9806
-11.387 8.3019 0.3436 0.0608 0.5477 0.1961 -0.0032 0.9806
-11.6647 6.7871 0.2703 0.0835 0.6695 0.1961 -0.0032 0.9806
-11.9181 5.2723 0.2029 0.1042 0.7913 0.1961 -0.0032 0.9806
-11.4315 5.2723 0.3227 0.0647 0.7913 0.1961 -0.0032 0.9806
-11.6647 6.7871 0.2703 0.0835 0.6695 0.1961 -0.0032 0.9806
-11.9222 8.3019 0.2118 0.1042 0.5477 0.1961 -0.0032 0.9806
-11.9181 5.2723 0.2029 0.1042 0.7913 0.1961 -0.0032 0.9806
-11.648 8.9987 0.2826 0.0819 0.4916 0.1961 -0.0046 0.9806
-11.3577 9.6955 0.3574 0.0582 0.4356 0.1961 -0.0046 0.9806
-11.925 9.6955 0.2177 0.1042 0.4356 0.1961 -0.0046 0.9806
-11.648 8.9987 0.2826 0.0819 0.4916 0.1961 -0.0046 0.9806
-11.387 8.3019 0.3436 0.0608 0.5477 0.1961 -0.0046 0.9806
-11.3577 9.6955 0.3574 0.0582 0.4356 0.1961 -0.0046 0.9806
-11.648 8.9987 0.2826 0.0819 0.4916 0.1961 -0.0046 0.9806
-11.9222 8.3019 0.2118 0.1042 0.5477 0.1961 -0.0046 0.9806
-11.387 8.3019 0.3436 0.0608 0.5477 0.1961 -0.0046 0.9806
-11.648 8.9987 0.2826 0.0819 0.4916 0.1961 -0.0046 0.9806
-11.925 9.6955 0.2177 0.1042 0.4356 0.1961 -0.0046 0.9806
-11.9222 8.3019 0.2118 0.1042 0.5477 0.1961 -0.0046 0.9806
-11.6554 10.4832 0.2771 0.0826 0.3723 0.1961 0.0086 0.9805
-11.9192 11.2709 0.2052 0.1042 0.3089 0.1961 0.0086 0.9805
-11.925 9.6955 0.2177 0.1042 0.4356 0.1961 0.0086 0.9805
-11.6554 10.4832 0.2771 0.0826 0.3723 0.1961 0.0086 0.9805
-11.4199 11.2709 0.3282 0.0637 0.3089 0.1961 0.0086 0.9805
-11.9192 11.2709 0.2052 0.1042 0.3089 0.1961 0.0086 0.9805
-11.6554 10.4832 0.2771 0.0826 0.3723 0.1961 0.0086 0.9805
-11.3577 9.6955 0.3574 0.0582 0.4356 0.1961 0.0086 0.9805
-11.4199 11.2709 0.3282 0.0637 0.3089 0.1961 0.0086 0.9805
-11.6554 10.4832 0.2771 0.0826 0.3723 0.1961 0.0086 0.9805
-11.925 9.6955 0.2177 0.1042 0.4356 0.1961 0.0086 0.9805
-11.3577 9.6955 0.3574 0.0582 0.4356 0.1961 0.0086 0.9805
-11.714 12.1192 0.2339 0.0883 0.2407 0.1961 0.0251 0.9803
-11.9007 12.9674 0.166 0.1042 0.1725 0.1961 0.0251 0.9803
-11.9192 11.2709 0.2052 0.1042 0.3089 0.1961 0.0251 0.9803
-11.714 12.1192 0.2339 0.0883 0.2407 0.1961 0.0251 0.9803
-11.6162 12.9674 0.236 0.0811 0.1725 0.1961 0.0251 0.9803
-11.9007 12.9674 0.166 0.1042 0.1725 0.1961 0.0251 0.9803
-11.714 12.1192 0.2339 0.0883 0.2407 0.1961 0.0251 0.9803
-11.4199 11.2709 0.3282 0.0637 0.3089 0.1961 0.0251 0.9803
-11.6162 12.9674 0.236 0.0811 0.1725 0.1961 0.0251 0.9803
-11.714 12.1192 0.2339 0.0883 0.2407 0.1961 0.0251 0.9803
-11.9192 11.2709 0.2052 0.1042 0.3089 0.1961 0.0251 0.9803
-11.4199 11.2709 0.3282 0.0637 0.3089 0.1961 0.0251 0.9803
-11.785 13.4219 0.1814 0.0953 0.1359 0.196 0.0279 0.9802
-11.8897 13.8763 0.1426 0.1042 0.0994 0.196 0.0279 0.9802
-11.9007 12.9674 0.166 0.1042 0.1725 0.196 0.0279 0.9802
-11.785 13.4219 0.1814 0.0953 0.1359 0.196 0.0279 0.9802
-11.7332 13.8763 0.1811 0.0915 0.0994 0.196 0.0279 0.9802
-11.8897 13.8763 0.1426 0.1042 0.0994 0.196 0.0279 0.9802
-11.785 13.4219 0.1814 0.0953 0.1359 0.196 0.0279 0.9802
-11.6162 12.9674 0.236 0.0811 0.1725 0.196 0.0279 0.9802
-11.7332 13.8763 0.1811 0.0915 0.0994 0.196 0.0279 0.9802
-11.785 13.4219 0.1814 0.0953 0.1359 0.196 0.0279 0.9802
-11.9007 12.9674 0.166 0.1042 0.1725 0.196 0.0279 0.9802
-11.6162 12.9674 0.236 0.0811 0.1725 0.196 0.0279 0.9802
-11.8331 14.0884 0.1459 0.1 0.0823 0.1959 0.0487 0.9794
-11.8763 14.5125 0.1139 0.1042 0.0482 0.1959 0.0487 0.9794
-11.8897 13.8763 0.1426 0.1042 0.0994 0.1959 0.0487 0.9794
-11.8331 14.0884 0.1459 0.1 0.0823 0.1959 0.0487 0.9794
-11.7332 13.8763 0.1811 0.0915 0.0994 0.1959 0.0487 0.9794
-11.8763 14.5125 0.1139 0.1042 0.0482 0.1959 0.0487 0.9794
-11.8331 14.0884 0.1459 0.1 0.0823 0.1959 0.0487 0.9794
-11.8897 13.8763 0.1426 0.1042 0.0994 0.1959 0.0487 0.9794
-11.7332 13.8763 0.1811 0.0915 0.0994 0.1959 0.0487 0.9794
-11.3513 3.2122 0.4082 0.2291 0.1147 0 -1 0
-11.0013 3.2122 0.5247 0.1493 0.1053 0 -1 0
-11.0824 3.2122 0.5658 0.1615 0.1209 0 -1 0
-11.3513 3.2122 0.4082 0.2291 0.1147 0 -1 0
-11.6034 3.2122 0.2421 0.2941 0.1053 0 -1 0
-11.0013 3.2122 0.5247 0.1493 0.1053 0 -1 0
-11.3513 3.2122 0.4082 0.2291 0.1147 0 -1 0
-11.718 3.2122 0.3001 0.3114 0.1273 0 -1 0
-11.6034 3.2122 0.2421 0.2941 0.1053 0 -1 0
-11.3513 3.2122 0.4082 0.2291 0.1147 0 -1 0
-11.0824 3.2122 0.5658 0.1615 0.1209 0 -1 0
-11.718 3.2122 0.3001 0.3114 0.1273 0 -1 0
-11.5901 3.5151 0.3555 0.281 0.175 0 1 0
-11.1103 3.5151 0.573 0.1663 0.1735 0 1 0
-11.3709 3.5151 0.3512 0.2382 0.1539 0 1 0
-11.5901 3.5151 0.3555 0.281 0.175 0 1 0
-11.9555 3.5151 0.2827 0.3598 0.1945 0 1 0
-11.1103 3.5151 0.573 0.1663 0.1735 0 1 0
-11.5901 3.5151 0.3555 0.281 0.175 0 1 0
-11.9238 3.5151 0.215 0.3598 0.1782 0 1 0
-11.9555 3.5151 0.2827 0.3598 0.1945 0 1 0
-11.5901 3.5151 0.3555 0.281 0.175 0 1 0
-11.3709 3.5151 0.3512 0.2382 0.1539 0 1 0
-11.9238 3.5151 0.215 0.3598 0.1782 0 1 0
-11.6743 3.2122 0.3503 0.2981 0.1332 0 -1 0
-11.0824 3.2122 0.5658 0.1615 0.1209 0 -1 0
-11.9488 3.2122 0.2683 0.3598 0.1424 0 -1 0
-11.6743 3.2122 0.3503 0.2981 0.1332 0 -1 0
-11.718 3.2122 0.3001 0.3114 0.1273 0 -1 0
-11.0824 3.2122 0.5658 0.1615 0.1209 0 -1 0
-11.6743 3.2122 0.3503 0.2981 0.1332 0 -1 0
-11.9481 3.2122 0.2668 0.3598 0.142 0 -1 0
-11.718 3.2122 0.3001 0.3114 0.1273 0 -1 0
-11.6743 3.2122 0.3503 0.2981 0.1332 0 -1 0
-11.9488 3.2122 0.2683 0.3598 0.1424 0 -1 0
-11.9481 3.2122 0.2668 0.3598 0.142 0 -1 0
-11.5209 3.3636 0.4473 0.7958 0.0993 0.1078 0 0.9942
-11.0802 3.2425 0.5987 0.6341 0.1347 0.1078 0 0.9942
-11.0802 3.4848 0.5987 0.636 0.0584 0.1078 0 0.9942
-11.5209 3.3636 0.4473 0.7958 0.0993 0.1078 0 0.9942
-11.9617 3.2425 0.2959 0.9556 0.1401 0.1078 0 0.9942
-11.0802 3.2425 0.5987 0.6341 0.1347 0.1078 0 0.9942
-11.5209 3.3636 0.4473 0.7958 0.0993 0.1078 0 0.9942
-11.9617 3.4848 0.2959 0.9555 0.0473 0.1078 0 0.9942
-11.9617 3.2425 0.2959 0.9556 0.1401 0.1078 0 0.9942
-11.5209 3.3636 0.4473 0.7958 0.0993 0.1078 -0 0.9942
-11.0802 3.4848 0.5987 0.636 0.0584 0.1078 -0 0.9942
-11.9617 3.4848 0.2959 0.9555 0.0473 0.1078 -0 0.9942
-11.833 2.7274 0.2835 0.2413 0.5709 0.2906 0 0.9569
-11.718 2.2427 0.3001 0.2233 0.6493 0.2906 0 0.9569
-11.718 3.2122 0.3001 0.2233 0.4925 0.2906 0 0.9569
-11.833 2.7274 0.2835 0.2413 0.5709 0.2906 0 0.9569
-11.9481 2.2427 0.2668 0.2593 0.6493 0.2906 0 0.9569
-11.718 2.2427 0.3001 0.2233 0.6493 0.2906 0 0.9569
-11.833 2.7274 0.2835 0.2413 0.5709 0.2906 0 0.9569
-11.9481 3.2122 0.2668 0.2593 0.4925 0.2906 0 0.9569
-11.9481 2.2427 0.2668 0.2593 0.6493 0.2906 0 0.9569
-11.833 2.7274 0.2835 0.2413 0.5709 0.2906 -0 0.9569
-11.718 3.2122 0.3001 0.2233 0.4925 0.2906 -0 0.9569
-11.9481 3.2122 0.2668 0.2593 0.4925 0.2906 -0 0.9569
-11.6607 2.7274 0.2711 0.2169 0.5709 0.7882 0 0.6155
-11.6034 2.2427 0.2421 0.2105 0.6493 0.7882 0 0.6155
-11.6034 3.2122 0.2421 0.2105 0.4925 0.7882 0 0.6155
-11.6607 2.7274 0.2711 0.2169 0.5709 0.7882 0 0.6155
-11.718 2.2427 0.3001 0.2233 0.6493 0.7882 0 0.6155
-11.6034 2.2427 0.2421 0.2105 0.6493 0.7882 0 0.6155
-11.6607 2.7274 0.2711 0.2169 0.5709 0.7882 0 0.6155
-11.718 3.2122 0.3001 0.2233 0.4925 0.7882 0 0.6155
-11.718 2.2427 0.3001 0.2233 0.6493 0.7882 0 0.6155
-11.6607 2.7274 0.2711 0.2169 0.5709 0.7882 0 0.6155
-11.6034 3.2122 0.2421 0.2105 0.4925 0.7882 0 0.6155
-11.718 3.2122 0.3001 0.2233 0.4925 0.7882 0 0.6155
-11.6829 1.6974 0.2567 0.2212 0.7375 0.7875 -0.0419 0.6149
-11.6034 2.2427 0.2421 0.2105 0.6493 0.7875 -0.0419 0.6149
-11.718 2.2427 0.3001 0.2233 0.6493 0.7875 -0.0419 0.6149
-11.6829 1.6974 0.2567 0.2212 0.7375 0.7966 -0.044 0.6029
-11.658 1.152 0.2164 0.2202 0.8257 0.7966 -0.044 0.6029
-11.6034 2.2427 0.2421 0.2105 0.6493 0.7966 -0.044 0.6029
-11.6829 1.6974 0.2567 0.2212 0.7375 0.8074 -0.0427 0.5885
-11.7522 1.152 0.2681 0.2305 0.8257 0.8074 -0.0427 0.5885
-11.658 1.152 0.2164 0.2202 0.8257 0.8074 -0.0427 0.5885
-11.6829 1.6974 0.2567 0.2212 0.7375 0.7967 -0.0405 0.603
-11.718 2.2427 0.3001 0.2233 0.6493 0.7967 -0.0405 0.603
-11.7522 1.152 0.2681 0.2305 0.8257 0.7967 -0.0405 0.603
-11.839 1.6974 0.27 0.2431 0.7375 0.2905 -0.0228 0.9566
-11.718 2.2427 0.3001 0.2233 0.6493 0.2905 -0.0228 0.9566
-11.9481 2.2427 0.2668 0.2593 0.6493 0.2905 -0.0228 0.9566
-11.839 1.6974 0.27 0.2431 0.7375 0.2989 -0.0248 0.954
-11.7522 1.152 0.2681 0.2305 0.8257 0.2989 -0.0248 0.954
-11.718 2.2427 0.3001 0.2233 0.6493 0.2989 -0.0248 0.954
-11.839 1.6974 0.27 0.2431 0.7375 0.3093 -0.0231 0.9507
-11.9378 1.152 0.245 0.2593 0.8257 0.3093 -0.0231 0.9507
-11.7522 1.152 0.2681 0.2305 0.8257 0.3093 -0.0231 0.9507
-11.839 1.6974 0.27 0.2431 0.7375 0.2989 -0.0211 0.954
-11.9481 2.2427 0.2668 0.2593 0.6493 0.2989 -0.0211 0.954
-11.9378 1.152 0.245 0.2593 0.8257 0.2989 -0.0211 0.954
-11.8507 0.8188 0.3421 0.2395 0.8794 0.3671 0.2306 0.9012
-11.6903 0.4855 0.4295 0.2103 0.9335 0.3671 0.2306 0.9012
-11.7522 1.152 0.2681 0.2305 0.8257 0.3671 0.2306 0.9012
-11.8507 0.8188 0.3421 0.2395 0.8794 0.4015 0.2488 0.8814
-12.0227 0.4855 0.4258 0.2593 0.9335 0.4015 0.2488 0.8814
-11.6903 0.4855 0.4295 0.2103 0.9335 0.4015 0.2488 0.8814
-11.8507 0.8188 0.3421 0.2395 0.8794 0.3635 0.2674 0.8924
-11.9378 1.152 0.245 0.2593 0.8257 0.3635 0.2674 0.8924
-12.0227 0.4855 0.4258 0.2593 0.9335 0.3635 0.2674 0.8924
-11.8507 0.8188 0.3421 0.2395 0.8794 0.2997 0.2488 0.921
-11.7522 1.152 0.2681 0.2305 0.8257 0.2997 0.2488 0.921
-11.9378 1.152 0.245 0.2593 0.8257 0.2997 0.2488 0.921
-11.6514 0.8188 0.3006 0.213 0.8794 0.8442 0.2139 0.4915
-11.5051 0.4855 0.2882 0.1929 0.9335 0.8442 0.2139 0.4915
-11.658 1.152 0.2164 0.2202 0.8257 0.8442 0.2139 0.4915
-11.6514 0.8188 0.3006 0.213 0.8794 0.8631 0.2304 0.4494
-11.6903 0.4855 0.4295 0.2103 0.9335 0.8631 0.2304 0.4494
-11.5051 0.4855 0.2882 0.1929 0.9335 0.8631 0.2304 0.4494
-11.6514 0.8188 0.3006 0.213 0.8794 0.838 0.2443 0.4879
-11.7522 1.152 0.2681 0.2305 0.8257 0.838 0.2443 0.4879
-11.6903 0.4855 0.4295 0.2103 0.9335 0.838 0.2443 0.4879
-11.6514 0.8188 0.3006 0.213 0.8794 0.7874 0.2249 0.5739
-11.658 1.152 0.2164 0.2202 0.8257 0.7874 0.2249 0.5739
-11.7522 1.152 0.2681 0.2305 0.8257 0.7874 0.2249 0.5739
-11.8631 0.4451 0.3231 0.3378 0.2517 0.1495 -0.9327 0.3282
-11.8763 0.3644 0.1139 0.3598 0.2117 0.1495 -0.9327 0.3282
-11.6903 0.4855 0.4295 0.2939 0.2567 0.1495 -0.9327 0.3282
-11.8631 0.4451 0.3231 0.3378 0.2517 0.1495 -0.9327 0.3282
-12.0227 0.4855 0.4258 0.3598 0.2867 0.1495 -0.9327 0.3282
-11.8763 0.3644 0.1139 0.3598 0.2117 0.1495 -0.9327 0.3282
-11.8631 0.4451 0.3231 0.3378 0.2517 0.1495 -0.9327 0.3282
-11.6903 0.4855 0.4295 0.2939 0.2567 0.1495 -0.9327 0.3282
-12.0227 0.4855 0.4258 0.3598 0.2867 0.1495 -0.9327 0.3282
-11.6906 0.4451 0.2772 0.3081 0.2267 0.2804 -0.9487 0.146
-11.8763 0.3644 0.1139 0.3598 0.2117 0.2804 -0.9487 0.146
-11.5051 0.4855 0.2882 0.2705 0.2117 0.2804 -0.9487 0.146
-11.6906 0.4451 0.2772 0.3081 0.2267 0.2804 -0.9487 0.146
-11.6903 0.4855 0.4295 0.2939 0.2567 0.2804 -0.9487 0.146
-11.8763 0.3644 0.1139 0.3598 0.2117 0.2804 -0.9487 0.146
-11.6906 0.4451 0.2772 0.3081 0.2267 0.2804 -0.9487 0.146
-11.5051 0.4855 0.2882 0.2705 0.2117 0.2804 -0.9487 0.146
-11.6903 0.4855 0.4295 0.2939 0.2567 0.2804 -0.9487 0.146
-11.0233 3.3636 0.5698 0.6127 0.0934 0.7886 0 0.6149
-10.9665 3.2425 0.541 0.5913 0.1416 0.7886 0 0.6149
-10.9665 3.4848 0.541 0.5913 0.0521 0.7886 0 0.6149
-11.0233 3.3636 0.5698 0.6127 0.0934 0.7886 -0 0.6149
-11.0802 3.2425 0.5987 0.6341 0.1347 0.7886 -0 0.6149
-10.9665 3.2425 0.541 0.5913 0.1416 0.7886 -0 0.6149
-11.0233 3.3636 0.5698 0.6127 0.0934 0.7886 0 0.6149
-11.0802 3.4848 0.5987 0.636 0.0584 0.7886 0 0.6149
-11.0802 3.2425 0.5987 0.6341 0.1347 0.7886 0 0.6149
-11.0233 3.3636 0.5698 0.6127 0.0934 0.7886 0 0.6149
-10.9665 3.4848 0.541 0.5913 0.0521 0.7886 0 0.6149
-11.0802 3.4848 0.5987 0.636 0.0584 0.7886 0 0.6149
-11.1632 3.5151 0.4818 0.1852 0.1604 0 1 0
-11.3709 3.5151 0.3512 0.2382 0.1539 0 1 0
-11.1103 3.5151 0.573 0.1663 0.1735 0 1 0
-11.1632 3.5151 0.4818 0.1852 0.1604 0 1 0
-11.0085 3.5151 0.5213 0.151 0.1539 0 1 0
-11.3709 3.5151 0.3512 0.2382 0.1539 0 1 0
-11.1632 3.5151 0.4818 0.1852 0.1604 0 1 0
-11.1103 3.5151 0.573 0.1663 0.1735 0 1 0
-11.0085 3.5151 0.5213 0.151 0.1539 0 1 0
-11.0414 3.5 0.5585 0.6198 0.0467 0.5031 0.77 0.3924
-10.9665 3.4848 0.541 0.5913 0.0521 0.5031 0.77 0.3924
-11.0085 3.5151 0.5213 0.606 0.0354 0.5031 0.77 0.3924
-11.0414 3.5 0.5585 0.6198 0.0467 0.5031 0.77 0.3924
-11.0802 3.4848 0.5987 0.636 0.0584 0.5031 0.77 0.3924
-10.9665 3.4848 0.541 0.5913 0.0521 0.5031 0.77 0.3924
-11.0414 3.5 0.5585 0.6198 0.0467 0.5031 0.77 0.3924
-11.1103 3.5151 0.573 0.6464 0.0459 0.5031 0.77 0.3924
-11.0802 3.4848 0.5987 0.636 0.0584 0.5031 0.77 0.3924
-11.0414 3.5 0.5585 0.6198 0.0467 0.5031 0.77 0.3924
-11.0085 3.5151 0.5213 0.606 0.0354 0.5031 0.77 0.3924
-11.1103 3.5151 0.573 0.6464 0.0459 0.5031 0.77 0.3924
-11.5269 3.5 0.4376 0.7977 0.0467 0.0973 0.4316 0.8968
-11.0802 3.4848 0.5987 0.636 0.0584 0.0973 0.4316 0.8968
-11.1103 3.5151 0.573 0.6464 0.0459 0.0973 0.4316 0.8968
-11.5269 3.5 0.4376 0.7977 0.0467 0.0973 0.4315 0.8968
-11.9617 3.4848 0.2959 0.9555 0.0473 0.0973 0.4315 0.8968
-11.0802 3.4848 0.5987 0.636 0.0584 0.0973 0.4315 0.8968
-11.5269 3.5 0.4376 0.7977 0.0467 0.0973 0.4315 0.8968
-11.9555 3.5151 0.2827 0.9546 0.0358 0.0973 0.4315 0.8968
-11.9617 3.4848 0.2959 0.9555 0.0473 0.0973 0.4315 0.8968
-11.5269 3.5 0.4376 0.7977 0.0467 0.0973 0.4315 0.8968
-11.1103 3.5151 0.573 0.6464 0.0459 0.0973 0.4315 0.8968
-11.9555 3.5151 0.2827 0.9546 0.0358 0.0973 0.4315 0.8968
-11.0326 3.2273 0.5575 0.6155 0.1459 0.5576 -0.7071 0.4348
-10.9665 3.2425 0.541 0.5913 0.1416 0.5576 -0.7071 0.4348
-11.0802 3.2425 0.5987 0.6341 0.1347 0.5576 -0.7071 0.4348
-11.0326 3.2273 0.5575 0.6155 0.1459 0.5576 -0.7071 0.4348
-11.0013 3.2122 0.5247 0.6029 0.1563 0.5576 -0.7071 0.4348
-10.9665 3.2425 0.541 0.5913 0.1416 0.5576 -0.7071 0.4348
-11.0326 3.2273 0.5575 0.6155 0.1459 0.5576 -0.7071 0.4348
-11.0824 3.2122 0.5658 0.6351 0.1493 0.5576 -0.7071 0.4348
-11.0013 3.2122 0.5247 0.6029 0.1563 0.5576 -0.7071 0.4348
-11.0326 3.2273 0.5575 0.6155 0.1459 0.5576 -0.7071 0.4348
-11.0802 3.2425 0.5987 0.6341 0.1347 0.5576 -0.7071 0.4348
-11.0824 3.2122 0.5658 0.6351 0.1493 0.5576 -0.7071 0.4348
-11.5183 3.2273 0.4322 0.7939 0.1447 0.0762 -0.7071 0.703
-11.0802 3.2425 0.5987 0.6341 0.1347 0.0762 -0.7071 0.703
-11.9617 3.2425 0.2959 0.9556 0.1401 0.0762 -0.7071 0.703
-11.5183 3.2273 0.4322 0.7939 0.1447 0.0762 -0.7071 0.703
-11.0824 3.2122 0.5658 0.6351 0.1493 0.0762 -0.7071 0.703
-11.0802 3.2425 0.5987 0.6341 0.1347 0.0762 -0.7071 0.703
-11.5183 3.2273 0.4322 0.7939 0.1447 0.0762 -0.7071 0.703
-11.9488 3.2122 0.2683 0.9542 0.155 0.0762 -0.7071 0.703
-11.0824 3.2122 0.5658 0.6351 0.1493 0.0762 -0.7071 0.703
-11.5183 3.2273 0.4322 0.7939 0.1447 0.0762 -0.7071 0.703
-11.9617 3.2425 0.2959 0.9556 0.1401 0.0762 -0.7071 0.703
-11.9488 3.2122 0.2683 0.9542 0.155 0.0762 -0.7071 0.703
