Vertex Count: 558

Data:

-12.9524 0.3572 3.5753 0 1 0.6035 0.0776 0.7936
-12.9352 0.4171 3.5563 0 1 0.653 0.1167 0.7483
-12.9809 0.305 3.602 0 1 0.6053 -0 0.796
-12.9524 0.3572 3.5753 0 1 0.6035 0.0776 0.7936
-12.9271 0.4016 3.5517 0 1 0.4334 0.4354 0.789
-12.9352 0.4171 3.5563 0 1 0.653 0.1167 0.7483
-12.9524 0.3572 3.5753 0 1 0.6035 0.0776 0.7936
-12.9665 0.305 3.5911 0 1 0.2556 -0 0.9668
-12.9271 0.4016 3.5517 0 1 0.4334 0.4354 0.789
-12.9524 0.3572 3.5753 0 1 0.6035 0.0776 0.7936
-12.9809 0.305 3.602 0 1 0.6053 -0 0.796
-12.9665 0.305 3.5911 0 1 0.2556 -0 0.9668
-12.8886 0.4093 3.5114 0 1 0.6985 0.1552 0.6985
-12.8437 0.4171 3.4648 0 1 0.7483 0.1168 0.653
-12.9352 0.4171 3.5563 0 1 0.653 0.1167 0.7483
-12.8886 0.4093 3.5114 0 1 0.6985 0.1552 0.6985
-12.8483 0.4016 3.4728 0 1 0.789 0.4355 0.4334
-12.8437 0.4171 3.4648 0 1 0.7483 0.1168 0.653
-12.8886 0.4093 3.5114 0 1 0.6985 0.1552 0.6985
-12.9271 0.4016 3.5517 0 1 0.4334 0.4354 0.789
-12.8483 0.4016 3.4728 0 1 0.789 0.4355 0.4334
-12.8886 0.4093 3.5114 0 1 0.6985 0.1552 0.6985
-12.9352 0.4171 3.5563 0 1 0.653 0.1167 0.7483
-12.9271 0.4016 3.5517 0 1 0.4334 0.4354 0.789
-12.8247 0.3572 3.4475 0 1 0.7936 0.0776 0.6035
-12.8483 0.4016 3.4728 0 1 0.789 0.4355 0.4334
-12.8089 0.305 3.4334 0 1 0.9668 0 0.2556
-12.8247 0.3572 3.4475 0 1 0.7936 0.0776 0.6035
-12.8437 0.4171 3.4648 0 1 0.7483 0.1168 0.653
-12.8483 0.4016 3.4728 0 1 0.789 0.4355 0.4334
-12.8247 0.3572 3.4475 0 1 0.7936 0.0776 0.6035
-12.798 0.305 3.4191 0 1 0.796 0 0.6053
-12.8437 0.4171 3.4648 0 1 0.7483 0.1168 0.653
-12.8247 0.3572 3.4475 0 1 0.7936 0.0776 0.6035
-12.8089 0.305 3.4334 0 1 0.9668 0 0.2556
-12.798 0.305 3.4191 0 1 0.796 0 0.6053
-12.8247 0.2529 3.4475 0 1 0.7936 -0.0776 0.6035
-12.8089 0.305 3.4334 0 1 0.9668 0 0.2556
-12.8483 0.2085 3.4728 0 1 0.789 -0.4355 0.4334
-12.8247 0.2529 3.4475 0 1 0.7936 -0.0776 0.6035
-12.798 0.305 3.4191 0 1 0.796 0 0.6053
-12.8089 0.305 3.4334 0 1 0.9668 0 0.2556
-12.8247 0.2529 3.4475 0 1 0.7936 -0.0776 0.6035
-12.8437 0.193 3.4648 0 1 0.7483 -0.1168 0.653
-12.798 0.305 3.4191 0 1 0.796 0 0.6053
-12.8247 0.2529 3.4475 0 1 0.7936 -0.0776 0.6035
-12.8483 0.2085 3.4728 0 1 0.789 -0.4355 0.4334
-12.8437 0.193 3.4648 0 1 0.7483 -0.1168 0.653
-12.8886 0.2007 3.5114 0 1 0.6985 -0.1552 0.6985
-12.8437 0.193 3.4648 0 1 0.7483 -0.1168 0.653
-12.8483 0.2085 3.4728 0 1 0.789 -0.4355 0.4334
-12.8886 0.2007 3.5114 0 1 0.6985 -0.1552 0.6985
-12.9352 0.193 3.5563 0 1 0.653 -0.1167 0.7483
-12.8437 0.193 3.4648 0 1 0.7483 -0.1168 0.653
-12.8886 0.2007 3.5114 0 1 0.6985 -0.1552 0.6985
-12.9271 0.2085 3.5517 0 1 0.4334 -0.4354 0.789
-12.9352 0.193 3.5563 0 1 0.653 -0.1167 0.7483
-12.8886 0.2007 3.5114 0 1 0.6985 -0.1552 0.6985
-12.8483 0.2085 3.4728 0 1 0.789 -0.4355 0.4334
-12.9271 0.2085 3.5517 0 1 0.4334 -0.4354 0.789
-12.9524 0.2529 3.5753 0 1 0.6035 -0.0776 0.7936
-12.9665 0.305 3.5911 0 1 0.2556 -0 0.9668
-12.9809 0.305 3.602 0 1 0.6053 -0 0.796
-12.9524 0.2529 3.5753 0 1 0.6035 -0.0776 0.7936
-12.9271 0.2085 3.5517 0 1 0.4334 -0.4354 0.789
-12.9665 0.305 3.5911 0 1 0.2556 -0 0.9668
-12.9524 0.2529 3.5753 0 1 0.6035 -0.0776 0.7936
-12.9352 0.193 3.5563 0 1 0.653 -0.1167 0.7483
-12.9271 0.2085 3.5517 0 1 0.4334 -0.4354 0.789
-12.9524 0.2529 3.5753 0 1 0.6035 -0.0776 0.7936
-12.9809 0.305 3.602 0 1 0.6053 -0 0.796
-12.9352 0.193 3.5563 0 1 0.653 -0.1167 0.7483
-12.8534 0.3372 3.6254 0 1 -0.3767 0.4778 0.7936
-12.9271 0.4016 3.5517 0 1 0.4334 0.4354 0.789
-12.9665 0.305 3.5911 0 1 0.2556 -0 0.9668
-12.8534 0.3372 3.6254 0 1 -0.3767 0.4778 0.7936
-12.6665 0.305 3.7335 0 1 0.7071 -0 0.7071
-12.9271 0.4016 3.5517 0 1 0.4334 0.4354 0.789
-12.8534 0.3372 3.6254 0 1 -0.3767 0.4778 0.7936
-12.9665 0.305 3.5911 0 1 0.2556 -0 0.9668
-12.6665 0.305 3.7335 0 1 0.7071 -0 0.7071
-12.814 0.3694 3.586 0 1 0.2085 0.9555 0.2085
-12.8483 0.4016 3.4728 0 1 0.789 0.4355 0.4334
-12.9271 0.4016 3.5517 0 1 0.4334 0.4354 0.789
-12.814 0.3694 3.586 0 1 0.2085 0.9555 0.2085
-12.6665 0.305 3.7335 0 1 0.7071 -0 0.7071
-12.8483 0.4016 3.4728 0 1 0.789 0.4355 0.4334
-12.814 0.3694 3.586 0 1 0.2085 0.9555 0.2085
-12.9271 0.4016 3.5517 0 1 0.4334 0.4354 0.789
-12.6665 0.305 3.7335 0 1 0.7071 -0 0.7071
-12.7745 0.3372 3.5466 0 1 0.7936 0.4778 -0.3767
-12.8089 0.305 3.4334 0 1 0.9668 0 0.2556
-12.8483 0.4016 3.4728 0 1 0.789 0.4355 0.4334
-12.7745 0.3372 3.5466 0 1 0.7936 0.4778 -0.3767
-12.6665 0.305 3.7335 0 1 0.7071 -0 0.7071
-12.8089 0.305 3.4334 0 1 0.9668 0 0.2556
-12.7745 0.3372 3.5466 0 1 0.7936 0.4778 -0.3767
-12.8483 0.4016 3.4728 0 1 0.789 0.4355 0.4334
-12.6665 0.305 3.7335 0 1 0.7071 -0 0.7071
-12.7745 0.2728 3.5466 0 1 0.7936 -0.4778 -0.3767
-12.8483 0.2085 3.4728 0 1 0.789 -0.4355 0.4334
-12.8089 0.305 3.4334 0 1 0.9668 0 0.2556
-12.7745 0.2728 3.5466 0 1 0.7936 -0.4778 -0.3767
-12.6665 0.305 3.7335 0 1 0.7071 -0 0.7071
-12.8483 0.2085 3.4728 0 1 0.789 -0.4355 0.4334
-12.7745 0.2728 3.5466 0 1 0.7936 -0.4778 -0.3767
-12.8089 0.305 3.4334 0 1 0.9668 0 0.2556
-12.6665 0.305 3.7335 0 1 0.7071 -0 0.7071
-12.814 0.2407 3.586 0 1 0.2085 -0.9556 0.2085
-12.9271 0.2085 3.5517 0 1 0.4334 -0.4354 0.789
-12.8483 0.2085 3.4728 0 1 0.789 -0.4355 0.4334
-12.814 0.2407 3.586 0 1 0.2085 -0.9556 0.2085
-12.6665 0.305 3.7335 0 1 0.7071 -0 0.7071
-12.9271 0.2085 3.5517 0 1 0.4334 -0.4354 0.789
-12.814 0.2407 3.586 0 1 0.2085 -0.9556 0.2085
-12.8483 0.2085 3.4728 0 1 0.789 -0.4355 0.4334
-12.6665 0.305 3.7335 0 1 0.7071 -0 0.7071
-12.8534 0.2728 3.6254 0 1 -0.3767 -0.4778 0.7936
-12.9665 0.305 3.5911 0 1 0.2556 -0 0.9668
-12.9271 0.2085 3.5517 0 1 0.4334 -0.4354 0.789
-12.8534 0.2728 3.6254 0 1 -0.3767 -0.4778 0.7936
-12.6665 0.305 3.7335 0 1 0.7071 -0 0.7071
-12.9665 0.305 3.5911 0 1 0.2556 -0 0.9668
-12.8534 0.2728 3.6254 0 1 -0.3767 -0.4778 0.7936
-12.9271 0.2085 3.5517 0 1 0.4334 -0.4354 0.789
-12.6665 0.305 3.7335 0 1 0.7071 -0 0.7071
-13.2862 0.418 3.3906 0 1 -0.3739 0.4773 0.7952
-13.5449 0.6451 3.1327 0 1 -0.0929 0.8147 0.5723
-13.6838 0.305 3.2715 0 1 -0.4255 -0 0.905
-13.2862 0.418 3.3906 0 1 -0.3739 0.4773 0.7952
-12.9352 0.4171 3.5563 0 1 -0.0929 0.8147 0.5723
-13.5449 0.6451 3.1327 0 1 -0.0929 0.8147 0.5723
-13.2862 0.418 3.3906 0 1 -0.3739 0.4773 0.7952
-12.9809 0.305 3.602 0 1 -0.4255 -0 0.905
-12.9352 0.4171 3.5563 0 1 -0.0929 0.8147 0.5723
-13.2862 0.418 3.3906 0 1 -0.3739 0.4773 0.7952
-13.6838 0.305 3.2715 0 1 -0.4255 -0 0.905
-12.9809 0.305 3.602 0 1 -0.4255 -0 0.905
-13.1478 0.5311 3.2522 0 1 0.2106 0.9546 0.2106
-13.2673 0.6451 2.855 0 1 0.5723 0.8147 -0.0929
-13.5449 0.6451 3.1327 0 1 -0.0929 0.8147 0.5723
-13.1478 0.5311 3.2522 0 1 0.2106 0.9546 0.2106
-12.8437 0.4171 3.4648 0 1 0.5723 0.8147 -0.0929
-13.2673 0.6451 2.855 0 1 0.5723 0.8147 -0.0929
-13.1478 0.5311 3.2522 0 1 0.2106 0.9546 0.2106
-12.9352 0.4171 3.5563 0 1 -0.0929 0.8147 0.5723
-12.8437 0.4171 3.4648 0 1 0.5723 0.8147 -0.0929
-13.1478 0.5311 3.2522 0 1 0.2106 0.9546 0.2106
-13.5449 0.6451 3.1327 0 1 -0.0929 0.8147 0.5723
-12.9352 0.4171 3.5563 0 1 -0.0929 0.8147 0.5723
-13.0093 0.418 3.1138 0 1 0.7952 0.4773 -0.3739
-12.8437 0.4171 3.4648 0 1 0.5723 0.8147 -0.0929
-12.798 0.305 3.4191 0 1 0.9049 -0 -0.4255
-13.0093 0.418 3.1138 0 1 0.7952 0.4773 -0.3739
-13.2673 0.6451 2.855 0 1 0.5723 0.8147 -0.0929
-12.8437 0.4171 3.4648 0 1 0.5723 0.8147 -0.0929
-13.0093 0.418 3.1138 0 1 0.7952 0.4773 -0.3739
-13.1285 0.305 2.7162 0 1 0.9049 -0 -0.4255
-13.2673 0.6451 2.855 0 1 0.5723 0.8147 -0.0929
-13.0093 0.418 3.1138 0 1 0.7952 0.4773 -0.3739
-12.798 0.305 3.4191 0 1 0.9049 -0 -0.4255
-13.1285 0.305 2.7162 0 1 0.9049 -0 -0.4255
-13.0093 0.192 3.1138 0 1 0.7952 -0.4773 -0.3739
-12.798 0.305 3.4191 0 1 0.9049 -0 -0.4255
-12.8437 0.193 3.4648 0 1 0.5723 -0.8147 -0.0929
-13.0093 0.192 3.1138 0 1 0.7952 -0.4773 -0.3739
-13.1285 0.305 2.7162 0 1 0.9049 -0 -0.4255
-12.798 0.305 3.4191 0 1 0.9049 -0 -0.4255
-13.0093 0.192 3.1138 0 1 0.7952 -0.4773 -0.3739
-13.2673 -0.035 2.855 0 1 0.5723 -0.8147 -0.0929
-13.1285 0.305 2.7162 0 1 0.9049 -0 -0.4255
-13.0093 0.192 3.1138 0 1 0.7952 -0.4773 -0.3739
-12.8437 0.193 3.4648 0 1 0.5723 -0.8147 -0.0929
-13.2673 -0.035 2.855 0 1 0.5723 -0.8147 -0.0929
-13.1478 0.079 3.2522 0 1 0.2106 -0.9546 0.2106
-13.2673 -0.035 2.855 0 1 0.5723 -0.8147 -0.0929
-12.8437 0.193 3.4648 0 1 0.5723 -0.8147 -0.0929
-13.1478 0.079 3.2522 0 1 0.2106 -0.9546 0.2106
-13.5449 -0.035 3.1327 0 1 -0.0929 -0.8147 0.5723
-13.2673 -0.035 2.855 0 1 0.5723 -0.8147 -0.0929
-13.1478 0.079 3.2522 0 1 0.2106 -0.9546 0.2106
-12.9352 0.193 3.5563 0 1 -0.0929 -0.8147 0.5723
-13.5449 -0.035 3.1327 0 1 -0.0929 -0.8147 0.5723
-13.1478 0.079 3.2522 0 1 0.2106 -0.9546 0.2106
-12.8437 0.193 3.4648 0 1 0.5723 -0.8147 -0.0929
-12.9352 0.193 3.5563 0 1 -0.0929 -0.8147 0.5723
-13.2862 0.192 3.3906 0 1 -0.3739 -0.4773 0.7952
-12.9809 0.305 3.602 0 1 -0.4255 -0 0.905
-13.6838 0.305 3.2715 0 1 -0.4255 -0 0.905
-13.2862 0.192 3.3906 0 1 -0.3739 -0.4773 0.7952
-12.9352 0.193 3.5563 0 1 -0.0929 -0.8147 0.5723
-12.9809 0.305 3.602 0 1 -0.4255 -0 0.905
-13.2862 0.192 3.3906 0 1 -0.3739 -0.4773 0.7952
-13.5449 -0.035 3.1327 0 1 -0.0929 -0.8147 0.5723
-12.9352 0.193 3.5563 0 1 -0.0929 -0.8147 0.5723
-13.2862 0.192 3.3906 0 1 -0.3739 -0.4773 0.7952
-13.6838 0.305 3.2715 0 1 -0.4255 -0 0.905
-13.5449 -0.035 3.1327 0 1 -0.0929 -0.8147 0.5723
-14.968 0.05 1.7791 0 1 -0.6124 -0.5 0.6124
-13.5449 -0.035 3.1327 0 1 -0.3536 -0.866 0.3536
-13.6144 0.135 3.2021 0 1 -0.6124 -0.5 0.6124
-14.968 0.05 1.7791 0 1 -0.6124 -0.5 0.6124
-16.3216 -0.035 0.3561 0 1 -0.3536 -0.866 0.3536
-13.5449 -0.035 3.1327 0 1 -0.3536 -0.866 0.3536
-14.968 0.05 1.7791 0 1 -0.6124 -0.5 0.6124
-16.391 0.135 0.4255 0 1 -0.6124 -0.5 0.6124
-16.3216 -0.035 0.3561 0 1 -0.3536 -0.866 0.3536
-14.968 0.05 1.7791 0 1 -0.6124 -0.5 0.6124
-13.6144 0.135 3.2021 0 1 -0.6124 -0.5 0.6124
-16.391 0.135 0.4255 0 1 -0.6124 -0.5 0.6124
-17.7446 0.05 -0.9975 0 1 -0.6124 -0.5 0.6124
-19.0982 -0.035 -2.4205 0 1 -0.7115 -0.6862 -0.1512
-16.3216 -0.035 0.3561 0 1 -0.3536 -0.866 0.3536
-17.7446 0.05 -0.9975 0 1 -0.6124 -0.5 0.6124
-19.1676 0.135 -2.3511 0 1 -0.933 -0.3535 -0.067
-19.0982 -0.035 -2.4205 0 1 -0.7115 -0.6862 -0.1512
-17.7446 0.05 -0.9975 0 1 -0.6124 -0.5 0.6124
-16.391 0.135 0.4255 0 1 -0.6124 -0.5 0.6124
-19.1676 0.135 -2.3511 0 1 -0.933 -0.3535 -0.067
-17.7446 0.05 -0.9975 0 1 -0.6124 -0.5 0.6124
-16.3216 -0.035 0.3561 0 1 -0.3536 -0.866 0.3536
-16.391 0.135 0.4255 0 1 -0.6124 -0.5 0.6124
-17.814 0.22 -0.9281 0 1 -0.6124 -0.5 0.6124
-19.237 0.305 -2.2817 0 1 -0.9916 -0 0.129
-19.1676 0.135 -2.3511 0 1 -0.933 -0.3535 -0.067
-17.814 0.22 -0.9281 0 1 -0.6124 -0.5 0.6124
-16.4604 0.305 0.4949 0 1 -0.7071 -0 0.7071
-19.237 0.305 -2.2817 0 1 -0.9916 -0 0.129
-17.814 0.22 -0.9281 0 1 -0.6124 -0.5 0.6124
-16.391 0.135 0.4255 0 1 -0.6124 -0.5 0.6124
-16.4604 0.305 0.4949 0 1 -0.7071 -0 0.7071
-17.814 0.22 -0.9281 0 1 -0.6124 -0.5 0.6124
-19.1676 0.135 -2.3511 0 1 -0.933 -0.3535 -0.067
-16.391 0.135 0.4255 0 1 -0.6124 -0.5 0.6124
-15.0374 0.22 1.8485 0 1 -0.6124 -0.5 0.6124
-13.6838 0.305 3.2715 0 1 -0.7071 -0 0.7071
-16.4604 0.305 0.4949 0 1 -0.7071 -0 0.7071
-15.0374 0.22 1.8485 0 1 -0.6124 -0.5 0.6124
-13.6144 0.135 3.2021 0 1 -0.6124 -0.5 0.6124
-13.6838 0.305 3.2715 0 1 -0.7071 -0 0.7071
-15.0374 0.22 1.8485 0 1 -0.6124 -0.5 0.6124
-16.391 0.135 0.4255 0 1 -0.6124 -0.5 0.6124
-13.6144 0.135 3.2021 0 1 -0.6124 -0.5 0.6124
-15.0374 0.22 1.8485 0 1 -0.6124 -0.5 0.6124
-16.4604 0.305 0.4949 0 1 -0.7071 -0 0.7071
-16.391 0.135 0.4255 0 1 -0.6124 -0.5 0.6124
-14.8638 -0.035 1.675 0 1 0 -1 0
-13.5449 -0.035 3.1327 0 1 -0.3536 -0.866 0.3536
-16.3216 -0.035 0.3561 0 1 -0.3536 -0.866 0.3536
-14.8638 -0.035 1.675 0 1 0 -1 0
-13.4061 -0.035 2.9938 0 1 0 -1 0
-13.5449 -0.035 3.1327 0 1 -0.3536 -0.866 0.3536
-14.8638 -0.035 1.675 0 1 0 -1 0
-16.1827 -0.035 0.2172 0 1 0 -1 0
-13.4061 -0.035 2.9938 0 1 0 -1 0
-14.8638 -0.035 1.675 0 1 0 -1 0
-16.3216 -0.035 0.3561 0 1 -0.3536 -0.866 0.3536
-16.1827 -0.035 0.2172 0 1 0 -1 0
-14.725 -0.035 1.5361 0 1 0 -1 0
-13.2673 -0.035 2.855 0 1 0.3536 -0.866 -0.3536
-13.4061 -0.035 2.9938 0 1 0 -1 0
-14.725 -0.035 1.5361 0 1 0 -1 0
-16.0439 -0.035 0.0784 0 1 0.3536 -0.866 -0.3536
-13.2673 -0.035 2.855 0 1 0.3536 -0.866 -0.3536
-14.725 -0.035 1.5361 0 1 0 -1 0
-16.1827 -0.035 0.2172 0 1 0 -1 0
-16.0439 -0.035 0.0784 0 1 0.3536 -0.866 -0.3536
-14.725 -0.035 1.5361 0 1 0 -1 0
-13.4061 -0.035 2.9938 0 1 0 -1 0
-16.1827 -0.035 0.2172 0 1 0 -1 0
-17.5016 -0.035 -1.2405 0 1 0 -1 0
-18.8205 -0.035 -2.6982 0 1 -0.1512 -0.6862 -0.7115
-16.0439 -0.035 0.0784 0 1 0.3536 -0.866 -0.3536
-17.5016 -0.035 -1.2405 0 1 0 -1 0
-18.9593 -0.035 -2.5594 0 1 -0.5 -0.7071 -0.5
-18.8205 -0.035 -2.6982 0 1 -0.1512 -0.6862 -0.7115
-17.5016 -0.035 -1.2405 0 1 0 -1 0
-16.1827 -0.035 0.2172 0 1 0 -1 0
-18.9593 -0.035 -2.5594 0 1 -0.5 -0.7071 -0.5
-17.5016 -0.035 -1.2405 0 1 0 -1 0
-16.0439 -0.035 0.0784 0 1 0.3536 -0.866 -0.3536
-16.1827 -0.035 0.2172 0 1 0 -1 0
-17.6404 -0.035 -1.1017 0 1 0 -1 0
-19.0982 -0.035 -2.4205 0 1 -0.7115 -0.6862 -0.1512
-18.9593 -0.035 -2.5594 0 1 -0.5 -0.7071 -0.5
-17.6404 -0.035 -1.1017 0 1 0 -1 0
-16.3216 -0.035 0.3561 0 1 -0.3536 -0.866 0.3536
-19.0982 -0.035 -2.4205 0 1 -0.7115 -0.6862 -0.1512
-17.6404 -0.035 -1.1017 0 1 0 -1 0
-16.1827 -0.035 0.2172 0 1 0 -1 0
-16.3216 -0.035 0.3561 0 1 -0.3536 -0.866 0.3536
-17.6404 -0.035 -1.1017 0 1 0 -1 0
-18.9593 -0.035 -2.5594 0 1 -0.5 -0.7071 -0.5
-16.1827 -0.035 0.2172 0 1 0 -1 0
-14.5515 0.22 1.3626 0 1 0.6124 -0.5 -0.6124
-13.1284 0.305 2.7162 0 1 0.7071 -0 -0.7071
-13.1979 0.135 2.7856 0 1 0.6124 -0.5 -0.6124
-14.5515 0.22 1.3626 0 1 0.6124 -0.5 -0.6124
-15.9051 0.305 -0.0604 0 1 0.7071 -0 -0.7071
-13.1284 0.305 2.7162 0 1 0.7071 -0 -0.7071
-14.5515 0.22 1.3626 0 1 0.6124 -0.5 -0.6124
-15.9745 0.135 0.009 0 1 0.6124 -0.5 -0.6124
-15.9051 0.305 -0.0604 0 1 0.7071 -0 -0.7071
-14.5515 0.22 1.3626 0 1 0.6124 -0.5 -0.6124
-13.1979 0.135 2.7856 0 1 0.6124 -0.5 -0.6124
-15.9745 0.135 0.009 0 1 0.6124 -0.5 -0.6124
-17.3281 0.22 -1.414 0 1 0.6124 -0.5 -0.6124
-18.6817 0.305 -2.837 0 1 0.129 -0 -0.9916
-15.9051 0.305 -0.0604 0 1 0.7071 -0 -0.7071
-17.3281 0.22 -1.414 0 1 0.6124 -0.5 -0.6124
-18.7511 0.135 -2.7676 0 1 -0.067 -0.3536 -0.933
-18.6817 0.305 -2.837 0 1 0.129 -0 -0.9916
-17.3281 0.22 -1.414 0 1 0.6124 -0.5 -0.6124
-15.9745 0.135 0.009 0 1 0.6124 -0.5 -0.6124
-18.7511 0.135 -2.7676 0 1 -0.067 -0.3536 -0.933
-17.3281 0.22 -1.414 0 1 0.6124 -0.5 -0.6124
-15.9051 0.305 -0.0604 0 1 0.7071 -0 -0.7071
-15.9745 0.135 0.009 0 1 0.6124 -0.5 -0.6124
-17.3975 0.05 -1.3446 0 1 0.6124 -0.5 -0.6124
-18.8205 -0.035 -2.6982 0 1 -0.1512 -0.6862 -0.7115
-18.7511 0.135 -2.7676 0 1 -0.067 -0.3536 -0.933
-17.3975 0.05 -1.3446 0 1 0.6124 -0.5 -0.6124
-16.0439 -0.035 0.0784 0 1 0.3536 -0.866 -0.3536
-18.8205 -0.035 -2.6982 0 1 -0.1512 -0.6862 -0.7115
-17.3975 0.05 -1.3446 0 1 0.6124 -0.5 -0.6124
-15.9745 0.135 0.009 0 1 0.6124 -0.5 -0.6124
-16.0439 -0.035 0.0784 0 1 0.3536 -0.866 -0.3536
-17.3975 0.05 -1.3446 0 1 0.6124 -0.5 -0.6124
-18.7511 0.135 -2.7676 0 1 -0.067 -0.3536 -0.933
-15.9745 0.135 0.009 0 1 0.6124 -0.5 -0.6124
-14.6209 0.05 1.432 0 1 0.6124 -0.5 -0.6124
-13.2673 -0.035 2.855 0 1 0.3536 -0.866 -0.3536
-16.0439 -0.035 0.0784 0 1 0.3536 -0.866 -0.3536
-14.6209 0.05 1.432 0 1 0.6124 -0.5 -0.6124
-13.1979 0.135 2.7856 0 1 0.6124 -0.5 -0.6124
-13.2673 -0.035 2.855 0 1 0.3536 -0.866 -0.3536
-14.6209 0.05 1.432 0 1 0.6124 -0.5 -0.6124
-15.9745 0.135 0.009 0 1 0.6124 -0.5 -0.6124
-13.1979 0.135 2.7856 0 1 0.6124 -0.5 -0.6124
-14.6209 0.05 1.432 0 1 0.6124 -0.5 -0.6124
-16.0439 -0.035 0.0784 0 1 0.3536 -0.866 -0.3536
-15.9745 0.135 0.009 0 1 0.6124 -0.5 -0.6124
-17.3281 0.39 -1.414 0 1 0.6124 0.5 -0.6124
-18.6817 0.305 -2.837 0 1 0.129 -0 -0.9916
-18.7511 0.4751 -2.7676 0 1 -0.067 0.3536 -0.933
-17.3281 0.39 -1.414 0 1 0.6124 0.5 -0.6124
-15.9051 0.305 -0.0604 0 1 0.7071 -0 -0.7071
-18.6817 0.305 -2.837 0 1 0.129 -0 -0.9916
-17.3281 0.39 -1.414 0 1 0.6124 0.5 -0.6124
-15.9745 0.4751 0.009 0 1 0.6124 0.5 -0.6124
-15.9051 0.305 -0.0604 0 1 0.7071 -0 -0.7071
-17.3281 0.39 -1.414 0 1 0.6124 0.5 -0.6124
-18.7511 0.4751 -2.7676 0 1 -0.067 0.3536 -0.933
-15.9745 0.4751 0.009 0 1 0.6124 0.5 -0.6124
-14.5515 0.39 1.3626 0 1 0.6124 0.5 -0.6124
-13.1284 0.305 2.7162 0 1 0.7071 -0 -0.7071
-15.9051 0.305 -0.0604 0 1 0.7071 -0 -0.7071
-14.5515 0.39 1.3626 0 1 0.6124 0.5 -0.6124
-13.1979 0.4751 2.7856 0 1 0.6124 0.5 -0.6124
-13.1284 0.305 2.7162 0 1 0.7071 -0 -0.7071
-14.5515 0.39 1.3626 0 1 0.6124 0.5 -0.6124
-15.9745 0.4751 0.009 0 1 0.6124 0.5 -0.6124
-13.1979 0.4751 2.7856 0 1 0.6124 0.5 -0.6124
-14.5515 0.39 1.3626 0 1 0.6124 0.5 -0.6124
-15.9051 0.305 -0.0604 0 1 0.7071 -0 -0.7071
-15.9745 0.4751 0.009 0 1 0.6124 0.5 -0.6124
-14.6209 0.5601 1.432 0 1 0.6124 0.5 -0.6124
-13.2673 0.6451 2.855 0 1 0.3536 0.866 -0.3536
-13.1979 0.4751 2.7856 0 1 0.6124 0.5 -0.6124
-14.6209 0.5601 1.432 0 1 0.6124 0.5 -0.6124
-16.0439 0.6451 0.0784 0 1 0.3536 0.866 -0.3536
-13.2673 0.6451 2.855 0 1 0.3536 0.866 -0.3536
-14.6209 0.5601 1.432 0 1 0.6124 0.5 -0.6124
-15.9745 0.4751 0.009 0 1 0.6124 0.5 -0.6124
-16.0439 0.6451 0.0784 0 1 0.3536 0.866 -0.3536
-14.6209 0.5601 1.432 0 1 0.6124 0.5 -0.6124
-13.1979 0.4751 2.7856 0 1 0.6124 0.5 -0.6124
-15.9745 0.4751 0.009 0 1 0.6124 0.5 -0.6124
-17.3975 0.5601 -1.3446 0 1 0.6124 0.5 -0.6124
-18.8205 0.6451 -2.6982 0 1 -0.1512 0.6862 -0.7115
-16.0439 0.6451 0.0784 0 1 0.3536 0.866 -0.3536
-17.3975 0.5601 -1.3446 0 1 0.6124 0.5 -0.6124
-18.7511 0.4751 -2.7676 0 1 -0.067 0.3536 -0.933
-18.8205 0.6451 -2.6982 0 1 -0.1512 0.6862 -0.7115
-17.3975 0.5601 -1.3446 0 1 0.6124 0.5 -0.6124
-15.9745 0.4751 0.009 0 1 0.6124 0.5 -0.6124
-18.7511 0.4751 -2.7676 0 1 -0.067 0.3536 -0.933
-17.3975 0.5601 -1.3446 0 1 0.6124 0.5 -0.6124
-16.0439 0.6451 0.0784 0 1 0.3536 0.866 -0.3536
-15.9745 0.4751 0.009 0 1 0.6124 0.5 -0.6124
-14.968 0.5601 1.7791 0 1 -0.6124 0.5 0.6124
-13.5449 0.6451 3.1327 0 1 -0.3536 0.866 0.3536
-16.3216 0.6451 0.3561 0 1 -0.3536 0.866 0.3536
-14.968 0.5601 1.7791 0 1 -0.6124 0.5 0.6124
-13.6144 0.4751 3.2021 0 1 -0.6124 0.5 0.6124
-13.5449 0.6451 3.1327 0 1 -0.3536 0.866 0.3536
-14.968 0.5601 1.7791 0 1 -0.6124 0.5 0.6124
-16.391 0.4751 0.4255 0 1 -0.6124 0.5 0.6124
-13.6144 0.4751 3.2021 0 1 -0.6124 0.5 0.6124
-14.968 0.5601 1.7791 0 1 -0.6124 0.5 0.6124
-16.3216 0.6451 0.3561 0 1 -0.3536 0.866 0.3536
-16.391 0.4751 0.4255 0 1 -0.6124 0.5 0.6124
-15.0374 0.39 1.8485 0 1 -0.6124 0.5 0.6124
-13.6838 0.305 3.2715 0 1 -0.7071 -0 0.7071
-13.6144 0.4751 3.2021 0 1 -0.6124 0.5 0.6124
-15.0374 0.39 1.8485 0 1 -0.6124 0.5 0.6124
-16.4604 0.305 0.4949 0 1 -0.7071 -0 0.7071
-13.6838 0.305 3.2715 0 1 -0.7071 -0 0.7071
-15.0374 0.39 1.8485 0 1 -0.6124 0.5 0.6124
-16.391 0.4751 0.4255 0 1 -0.6124 0.5 0.6124
-16.4604 0.305 0.4949 0 1 -0.7071 -0 0.7071
-15.0374 0.39 1.8485 0 1 -0.6124 0.5 0.6124
-13.6144 0.4751 3.2021 0 1 -0.6124 0.5 0.6124
-16.391 0.4751 0.4255 0 1 -0.6124 0.5 0.6124
-17.814 0.39 -0.9281 0 1 -0.6124 0.5 0.6124
-19.237 0.305 -2.2817 0 1 -0.9916 -0 0.129
-16.4604 0.305 0.4949 0 1 -0.7071 -0 0.7071
-17.814 0.39 -0.9281 0 1 -0.6124 0.5 0.6124
-19.1676 0.4751 -2.3511 0 1 -0.933 0.3535 -0.067
-19.237 0.305 -2.2817 0 1 -0.9916 -0 0.129
-17.814 0.39 -0.9281 0 1 -0.6124 0.5 0.6124
-16.391 0.4751 0.4255 0 1 -0.6124 0.5 0.6124
-19.1676 0.4751 -2.3511 0 1 -0.933 0.3535 -0.067
-17.814 0.39 -0.9281 0 1 -0.6124 0.5 0.6124
-16.4604 0.305 0.4949 0 1 -0.7071 -0 0.7071
-16.391 0.4751 0.4255 0 1 -0.6124 0.5 0.6124
-17.7446 0.5601 -0.9975 0 1 -0.6124 0.5 0.6124
-19.0982 0.6451 -2.4205 0 1 -0.7115 0.6862 -0.1512
-19.1676 0.4751 -2.3511 0 1 -0.933 0.3535 -0.067
-17.7446 0.5601 -0.9975 0 1 -0.6124 0.5 0.6124
-16.3216 0.6451 0.3561 0 1 -0.3536 0.866 0.3536
-19.0982 0.6451 -2.4205 0 1 -0.7115 0.6862 -0.1512
-17.7446 0.5601 -0.9975 0 1 -0.6124 0.5 0.6124
-16.391 0.4751 0.4255 0 1 -0.6124 0.5 0.6124
-16.3216 0.6451 0.3561 0 1 -0.3536 0.866 0.3536
-17.7446 0.5601 -0.9975 0 1 -0.6124 0.5 0.6124
-19.1676 0.4751 -2.3511 0 1 -0.933 0.3535 -0.067
-16.391 0.4751 0.4255 0 1 -0.6124 0.5 0.6124
-17.6404 0.6451 -1.1017 0 1 0 1 0
-19.0982 0.6451 -2.4205 0 1 -0.7115 0.6862 -0.1512
-16.3216 0.6451 0.3561 0 1 -0.3536 0.866 0.3536
-17.6404 0.6451 -1.1017 0 1 0 1 0
-18.9593 0.6451 -2.5594 0 1 -0.5 0.7071 -0.5
-19.0982 0.6451 -2.4205 0 1 -0.7115 0.6862 -0.1512
-17.6404 0.6451 -1.1017 0 1 0 1 0
-16.1827 0.6451 0.2172 0 1 0 1 0
-18.9593 0.6451 -2.5594 0 1 -0.5 0.7071 -0.5
-17.6404 0.6451 -1.1017 0 1 0 1 0
-16.3216 0.6451 0.3561 0 1 -0.3536 0.866 0.3536
-16.1827 0.6451 0.2172 0 1 0 1 0
-17.5016 0.6451 -1.2405 0 1 0 1 0
-18.8205 0.6451 -2.6982 0 1 -0.1512 0.6862 -0.7115
-18.9593 0.6451 -2.5594 0 1 -0.5 0.7071 -0.5
-17.5016 0.6451 -1.2405 0 1 0 1 0
-16.0439 0.6451 0.0784 0 1 0.3536 0.866 -0.3536
-18.8205 0.6451 -2.6982 0 1 -0.1512 0.6862 -0.7115
-17.5016 0.6451 -1.2405 0 1 0 1 0
-16.1827 0.6451 0.2172 0 1 0 1 0
-16.0439 0.6451 0.0784 0 1 0.3536 0.866 -0.3536
-17.5016 0.6451 -1.2405 0 1 0 1 0
-18.9593 0.6451 -2.5594 0 1 -0.5 0.7071 -0.5
-16.1827 0.6451 0.2172 0 1 0 1 0
-14.725 0.6451 1.5361 0 1 0 1 0
-13.2673 0.6451 2.855 0 1 0.3536 0.866 -0.3536
-16.0439 0.6451 0.0784 0 1 0.3536 0.866 -0.3536
-14.725 0.6451 1.5361 0 1 0 1 0
-13.4061 0.6451 2.9938 0 1 0 1 0
-13.2673 0.6451 2.855 0 1 0.3536 0.866 -0.3536
-14.725 0.6451 1.5361 0 1 0 1 0
-16.1827 0.6451 0.2172 0 1 0 1 0
-13.4061 0.6451 2.9938 0 1 0 1 0
-14.725 0.6451 1.5361 0 1 0 1 0
-16.0439 0.6451 0.0784 0 1 0.3536 0.866 -0.3536
-16.1827 0.6451 0.2172 0 1 0 1 0
-14.8638 0.6451 1.675 0 1 0 1 0
-13.5449 0.6451 3.1327 0 1 -0.3536 0.866 0.3536
-13.4061 0.6451 2.9938 0 1 0 1 0
-14.8638 0.6451 1.675 0 1 0 1 0
-16.3216 0.6451 0.3561 0 1 -0.3536 0.866 0.3536
-13.5449 0.6451 3.1327 0 1 -0.3536 0.866 0.3536
-14.8638 0.6451 1.675 0 1 0 1 0
-16.1827 0.6451 0.2172 0 1 0 1 0
-16.3216 0.6451 0.3561 0 1 -0.3536 0.866 0.3536
-14.8638 0.6451 1.675 0 1 0 1 0
-13.4061 0.6451 2.9938 0 1 0 1 0
-16.1827 0.6451 0.2172 0 1 0 1 0
-18.8726 0.0925 -2.6461 0 1 -0.7071 0 -0.7071
-18.8205 -0.035 -2.6982 0 1 -0.1512 -0.6862 -0.7115
-18.9593 -0.035 -2.5594 0 1 -0.5 -0.7071 -0.5
-18.8726 0.0925 -2.6461 0 1 -0.7071 0 -0.7071
-18.7511 0.135 -2.7676 0 1 -0.067 -0.3536 -0.933
-18.8205 -0.035 -2.6982 0 1 -0.1512 -0.6862 -0.7115
-18.8726 0.0925 -2.6461 0 1 -0.7071 0 -0.7071
-18.9593 0.305 -2.5594 0 1 -0.7071 0 -0.7071
-18.7511 0.135 -2.7676 0 1 -0.067 -0.3536 -0.933
-18.8726 0.0925 -2.6461 0 1 -0.7071 0 -0.7071
-18.9593 -0.035 -2.5594 0 1 -0.5 -0.7071 -0.5
-18.9593 0.305 -2.5594 0 1 -0.7071 0 -0.7071
-18.7858 0.305 -2.7329 0 1 -0.7071 0 -0.7071
-18.6817 0.305 -2.837 0 1 0.129 -0 -0.9916
-18.7511 0.135 -2.7676 0 1 -0.067 -0.3536 -0.933
-18.7858 0.305 -2.7329 0 1 -0.7071 0 -0.7071
-18.7511 0.4751 -2.7676 0 1 -0.067 0.3536 -0.933
-18.6817 0.305 -2.837 0 1 0.129 -0 -0.9916
-18.7858 0.305 -2.7329 0 1 -0.7071 0 -0.7071
-18.9593 0.305 -2.5594 0 1 -0.7071 0 -0.7071
-18.7511 0.4751 -2.7676 0 1 -0.067 0.3536 -0.933
-18.7858 0.305 -2.7329 0 1 -0.7071 0 -0.7071
-18.7511 0.135 -2.7676 0 1 -0.067 -0.3536 -0.933
-18.9593 0.305 -2.5594 0 1 -0.7071 0 -0.7071
-18.8726 0.5176 -2.6461 0 1 -0.7071 -0 -0.7071
-18.8205 0.6451 -2.6982 0 1 -0.1512 0.6862 -0.7115
-18.7511 0.4751 -2.7676 0 1 -0.067 0.3536 -0.933
-18.8726 0.5176 -2.6461 0 1 -0.7071 -0 -0.7071
-18.9593 0.6451 -2.5594 0 1 -0.5 0.7071 -0.5
-18.8205 0.6451 -2.6982 0 1 -0.1512 0.6862 -0.7115
-18.8726 0.5176 -2.6461 0 1 -0.7071 -0 -0.7071
-18.9593 0.305 -2.5594 0 1 -0.7071 0 -0.7071
-18.9593 0.6451 -2.5594 0 1 -0.5 0.7071 -0.5
-18.8726 0.5176 -2.6461 0 1 -0.7071 -0 -0.7071
-18.7511 0.4751 -2.7676 0 1 -0.067 0.3536 -0.933
-18.9593 0.305 -2.5594 0 1 -0.7071 0 -0.7071
-19.0461 0.5176 -2.4726 0 1 -0.7071 -0 -0.7071
-19.0982 0.6451 -2.4205 0 1 -0.7115 0.6862 -0.1512
-18.9593 0.6451 -2.5594 0 1 -0.5 0.7071 -0.5
-19.0461 0.5176 -2.4726 0 1 -0.7071 -0 -0.7071
-19.1676 0.4751 -2.3511 0 1 -0.933 0.3535 -0.067
-19.0982 0.6451 -2.4205 0 1 -0.7115 0.6862 -0.1512
-19.0461 0.5176 -2.4726 0 1 -0.7071 -0 -0.7071
-18.9593 0.305 -2.5594 0 1 -0.7071 0 -0.7071
-19.1676 0.4751 -2.3511 0 1 -0.933 0.3535 -0.067
-19.0461 0.5176 -2.4726 0 1 -0.7071 -0 -0.7071
-18.9593 0.6451 -2.5594 0 1 -0.5 0.7071 -0.5
-18.9593 0.305 -2.5594 0 1 -0.7071 0 -0.7071
-19.1329 0.305 -2.3858 0 1 -0.7071 -0 -0.7071
-19.237 0.305 -2.2817 0 1 -0.9916 -0 0.129
-19.1676 0.4751 -2.3511 0 1 -0.933 0.3535 -0.067
-19.1329 0.305 -2.3858 0 1 -0.7071 -0 -0.7071
-19.1676 0.135 -2.3511 0 1 -0.933 -0.3535 -0.067
-19.237 0.305 -2.2817 0 1 -0.9916 -0 0.129
-19.1329 0.305 -2.3858 0 1 -0.7071 -0 -0.7071
-18.9593 0.305 -2.5594 0 1 -0.7071 0 -0.7071
-19.1676 0.135 -2.3511 0 1 -0.933 -0.3535 -0.067
-19.1329 0.305 -2.3858 0 1 -0.7071 -0 -0.7071
-19.1676 0.4751 -2.3511 0 1 -0.933 0.3535 -0.067
-18.9593 0.305 -2.5594 0 1 -0.7071 0 -0.7071
-19.0461 0.0925 -2.4726 0 1 -0.7071 0 -0.7071
-19.0982 -0.035 -2.4205 0 1 -0.7115 -0.6862 -0.1512
-19.1676 0.135 -2.3511 0 1 -0.933 -0.3535 -0.067
-19.0461 0.0925 -2.4726 0 1 -0.7071 0 -0.7071
-18.9593 -0.035 -2.5594 0 1 -0.5 -0.7071 -0.5
-19.0982 -0.035 -2.4205 0 1 -0.7115 -0.6862 -0.1512
-19.0461 0.0925 -2.4726 0 1 -0.7071 0 -0.7071
-18.9593 0.305 -2.5594 0 1 -0.7071 0 -0.7071
-18.9593 -0.035 -2.5594 0 1 -0.5 -0.7071 -0.5
-19.0461 0.0925 -2.4726 0 1 -0.7071 0 -0.7071
-19.1676 0.135 -2.3511 0 1 -0.933 -0.3535 -0.067
-18.9593 0.305 -2.5594 0 1 -0.7071 0 -0.7071
