Vertex Count: 1596

Data:

-7.3967 0.13 0.9108 0.965 0.0365 0.2566 -0.9616 0.0977
-7.2026 0.1865 0.9576 0.9286 0.009 0.4577 -0.888 0.044
-7.5431 0.1057 1.0557 1 0.009 0.0468 -0.9856 0.1625
-7.3967 0.13 0.9108 0.965 0.0365 0.2566 -0.9616 0.0977
-7.2432 0.156 0.7638 0.9286 0.064 0.4577 -0.888 0.044
-7.2026 0.1865 0.9576 0.9286 0.009 0.4577 -0.888 0.044
-7.3967 0.13 0.9108 0.965 0.0365 0.2566 -0.9616 0.0977
-7.5977 0.0718 0.866 1 0.064 0.0468 -0.9856 0.1625
-7.2432 0.156 0.7638 0.9286 0.064 0.4577 -0.888 0.044
-7.3967 0.13 0.9108 0.965 0.0365 0.2566 -0.9616 0.0977
-7.5431 0.1057 1.0557 1 0.009 0.0468 -0.9856 0.1625
-7.5977 0.0718 0.866 1 0.064 0.0468 -0.9856 0.1625
-7.0836 0.2869 0.8205 0.8936 0.0365 0.6366 -0.7711 -0.0118
-6.9296 0.4131 0.8789 0.8571 0.009 0.7873 -0.6145 -0.0509
-7.2026 0.1865 0.9576 0.9286 0.009 0.4577 -0.888 0.044
-7.0836 0.2869 0.8205 0.8936 0.0365 0.6366 -0.7711 -0.0118
-6.9589 0.392 0.6818 0.8571 0.064 0.7873 -0.6145 -0.0509
-6.9296 0.4131 0.8789 0.8571 0.009 0.7873 -0.6145 -0.0509
-7.0836 0.2869 0.8205 0.8936 0.0365 0.6366 -0.7711 -0.0118
-7.2432 0.156 0.7638 0.9286 0.064 0.4577 -0.888 0.044
-6.9589 0.392 0.6818 0.8571 0.064 0.7873 -0.6145 -0.0509
-7.0836 0.2869 0.8205 0.8936 0.0365 0.6366 -0.7711 -0.0118
-7.2026 0.1865 0.9576 0.9286 0.009 0.4577 -0.888 0.044
-7.2432 0.156 0.7638 0.9286 0.064 0.4577 -0.888 0.044
-6.8669 0.5696 0.7581 0.8221 0.0365 0.8996 -0.4279 -0.0876
-6.7781 0.7405 0.8353 0.7857 0.009 0.9701 -0.2193 -0.1036
-6.9296 0.4131 0.8789 0.8571 0.009 0.7873 -0.6145 -0.0509
-6.8669 0.5696 0.7581 0.8221 0.0365 0.8996 -0.4279 -0.0876
-6.8011 0.7329 0.6364 0.7857 0.064 0.9701 -0.2193 -0.1036
-6.7781 0.7405 0.8353 0.7857 0.009 0.9701 -0.2193 -0.1036
-6.8669 0.5696 0.7581 0.8221 0.0365 0.8996 -0.4279 -0.0876
-6.9589 0.392 0.6818 0.8571 0.064 0.7873 -0.6145 -0.0509
-6.8011 0.7329 0.6364 0.7857 0.064 0.9701 -0.2193 -0.1036
-6.8669 0.5696 0.7581 0.8221 0.0365 0.8996 -0.4279 -0.0876
-6.9296 0.4131 0.8789 0.8571 0.009 0.7873 -0.6145 -0.0509
-6.9589 0.392 0.6818 0.8571 0.064 0.7873 -0.6145 -0.0509
-6.7896 0.9222 0.7358 0.7507 0.0365 0.9934 0 -0.1146
-6.7781 1.1039 0.8353 0.7143 0.009 0.9701 0.2193 -0.1036
-6.7781 0.7405 0.8353 0.7857 0.009 0.9701 -0.2193 -0.1036
-6.7896 0.9222 0.7358 0.7507 0.0365 0.9934 0 -0.1146
-6.8011 1.1114 0.6364 0.7143 0.064 0.9701 0.2193 -0.1036
-6.7781 1.1039 0.8353 0.7143 0.009 0.9701 0.2193 -0.1036
-6.7896 0.9222 0.7358 0.7507 0.0365 0.9934 0 -0.1146
-6.8011 0.7329 0.6364 0.7857 0.064 0.9701 -0.2193 -0.1036
-6.8011 1.1114 0.6364 0.7143 0.064 0.9701 0.2193 -0.1036
-6.7896 0.9222 0.7358 0.7507 0.0365 0.9934 0 -0.1146
-6.7781 0.7405 0.8353 0.7857 0.009 0.9701 -0.2193 -0.1036
-6.8011 0.7329 0.6364 0.7857 0.064 0.9701 -0.2193 -0.1036
-6.8669 1.2747 0.7581 0.6793 0.0365 0.8996 0.4279 -0.0876
-6.9296 1.4313 0.8789 0.6429 0.009 0.7873 0.6145 -0.0509
-6.7781 1.1039 0.8353 0.7143 0.009 0.9701 0.2193 -0.1036
-6.8669 1.2747 0.7581 0.6793 0.0365 0.8996 0.4279 -0.0876
-6.9589 1.4524 0.6818 0.6429 0.064 0.7873 0.6145 -0.0509
-6.9296 1.4313 0.8789 0.6429 0.009 0.7873 0.6145 -0.0509
-6.8669 1.2747 0.7581 0.6793 0.0365 0.8996 0.4279 -0.0876
-6.8011 1.1114 0.6364 0.7143 0.064 0.9701 0.2193 -0.1036
-6.9589 1.4524 0.6818 0.6429 0.064 0.7873 0.6145 -0.0509
-6.8669 1.2747 0.7581 0.6793 0.0365 0.8996 0.4279 -0.0876
-6.7781 1.1039 0.8353 0.7143 0.009 0.9701 0.2193 -0.1036
-6.8011 1.1114 0.6364 0.7143 0.064 0.9701 0.2193 -0.1036
-7.0836 1.5575 0.8205 0.6079 0.0365 0.6366 0.7711 -0.0118
-7.2026 1.6578 0.9576 0.5714 0.009 0.4577 0.888 0.044
-6.9296 1.4313 0.8789 0.6429 0.009 0.7873 0.6145 -0.0509
-7.0836 1.5575 0.8205 0.6079 0.0365 0.6366 0.7711 -0.0118
-7.2432 1.6884 0.7638 0.5714 0.064 0.4577 0.888 0.044
-7.2026 1.6578 0.9576 0.5714 0.009 0.4577 0.888 0.044
-7.0836 1.5575 0.8205 0.6079 0.0365 0.6366 0.7711 -0.0118
-6.9589 1.4524 0.6818 0.6429 0.064 0.7873 0.6145 -0.0509
-7.2432 1.6884 0.7638 0.5714 0.064 0.4577 0.888 0.044
-7.0836 1.5575 0.8205 0.6079 0.0365 0.6366 0.7711 -0.0118
-6.9296 1.4313 0.8789 0.6429 0.009 0.7873 0.6145 -0.0509
-6.9589 1.4524 0.6818 0.6429 0.064 0.7873 0.6145 -0.0509
-7.3967 1.7144 0.9108 0.5364 0.0365 0.2566 0.9616 0.0977
-7.5431 1.7387 1.0557 0.5 0.009 0.0468 0.9856 0.1625
-7.2026 1.6578 0.9576 0.5714 0.009 0.4577 0.888 0.044
-7.3967 1.7144 0.9108 0.5364 0.0365 0.2566 0.9616 0.0977
-7.5977 1.7726 0.866 0.5 0.064 0.0468 0.9856 0.1625
-7.5431 1.7387 1.0557 0.5 0.009 0.0468 0.9856 0.1625
-7.3967 1.7144 0.9108 0.5364 0.0365 0.2566 0.9616 0.0977
-7.2432 1.6884 0.7638 0.5714 0.064 0.4577 0.888 0.044
-7.5977 1.7726 0.866 0.5 0.064 0.0468 0.9856 0.1625
-7.3967 1.7144 0.9108 0.5364 0.0365 0.2566 0.9616 0.0977
-7.2026 1.6578 0.9576 0.5714 0.009 0.4577 0.888 0.044
-7.2432 1.6884 0.7638 0.5714 0.064 0.4577 0.888 0.044
-7.7441 1.7144 1.0109 0.465 0.0365 -0.1652 0.9616 0.2193
-7.8835 1.6578 1.1538 0.4286 0.009 -0.3641 0.888 0.2809
-7.5431 1.7387 1.0557 0.5 0.009 0.0468 0.9856 0.1625
-7.7441 1.7144 1.0109 0.465 0.0365 -0.1652 0.9616 0.2193
-7.9523 1.6884 0.9681 0.4286 0.064 -0.3641 0.888 0.2809
-7.8835 1.6578 1.1538 0.4286 0.009 -0.3641 0.888 0.2809
-7.7441 1.7144 1.0109 0.465 0.0365 -0.1652 0.9616 0.2193
-7.5977 1.7726 0.866 0.5 0.064 0.0468 0.9856 0.1625
-7.9523 1.6884 0.9681 0.4286 0.064 -0.3641 0.888 0.2809
-7.7441 1.7144 1.0109 0.465 0.0365 -0.1652 0.9616 0.2193
-7.5431 1.7387 1.0557 0.5 0.009 0.0468 0.9856 0.1625
-7.5977 1.7726 0.866 0.5 0.064 0.0468 0.9856 0.1625
-8.0572 1.5575 1.1011 0.3936 0.0365 -0.5452 0.7711 0.3288
-8.1565 1.4313 1.2325 0.3571 0.009 -0.6936 0.6145 0.3758
-7.8835 1.6578 1.1538 0.4286 0.009 -0.3641 0.888 0.2809
-8.0572 1.5575 1.1011 0.3936 0.0365 -0.5452 0.7711 0.3288
-8.2366 1.4524 1.0501 0.3571 0.064 -0.6936 0.6145 0.3758
-8.1565 1.4313 1.2325 0.3571 0.009 -0.6936 0.6145 0.3758
-8.0572 1.5575 1.1011 0.3936 0.0365 -0.5452 0.7711 0.3288
-7.9523 1.6884 0.9681 0.4286 0.064 -0.3641 0.888 0.2809
-8.2366 1.4524 1.0501 0.3571 0.064 -0.6936 0.6145 0.3758
-8.0572 1.5575 1.1011 0.3936 0.0365 -0.5452 0.7711 0.3288
-7.8835 1.6578 1.1538 0.4286 0.009 -0.3641 0.888 0.2809
-7.9523 1.6884 0.9681 0.4286 0.064 -0.3641 0.888 0.2809
-8.2739 1.2747 1.1636 0.3221 0.0365 -0.8082 0.4279 0.4046
-8.308 1.1039 1.2762 0.2857 0.009 -0.8765 0.2193 0.4286
-8.1565 1.4313 1.2325 0.3571 0.009 -0.6936 0.6145 0.3758
-8.2739 1.2747 1.1636 0.3221 0.0365 -0.8082 0.4279 0.4046
-8.3944 1.1114 1.0956 0.2857 0.064 -0.8765 0.2193 0.4286
-8.308 1.1039 1.2762 0.2857 0.009 -0.8765 0.2193 0.4286
-8.2739 1.2747 1.1636 0.3221 0.0365 -0.8082 0.4279 0.4046
-8.2366 1.4524 1.0501 0.3571 0.064 -0.6936 0.6145 0.3758
-8.3944 1.1114 1.0956 0.2857 0.064 -0.8765 0.2193 0.4286
-8.2739 1.2747 1.1636 0.3221 0.0365 -0.8082 0.4279 0.4046
-8.1565 1.4313 1.2325 0.3571 0.009 -0.6936 0.6145 0.3758
-8.2366 1.4524 1.0501 0.3571 0.064 -0.6936 0.6145 0.3758
-8.3512 0.9222 1.1859 0.2507 0.0365 -0.9021 0 0.4316
-8.308 0.7405 1.2762 0.2143 0.009 -0.8765 -0.2193 0.4286
-8.308 1.1039 1.2762 0.2857 0.009 -0.8765 0.2193 0.4286
-8.3512 0.9222 1.1859 0.2507 0.0365 -0.9021 0 0.4316
-8.3944 0.7329 1.0956 0.2143 0.064 -0.8765 -0.2193 0.4286
-8.308 0.7405 1.2762 0.2143 0.009 -0.8765 -0.2193 0.4286
-8.3512 0.9222 1.1859 0.2507 0.0365 -0.9021 0 0.4316
-8.3944 1.1114 1.0956 0.2857 0.064 -0.8765 0.2193 0.4286
-8.3944 0.7329 1.0956 0.2143 0.064 -0.8765 -0.2193 0.4286
-8.3512 0.9222 1.1859 0.2507 0.0365 -0.9021 0 0.4316
-8.308 1.1039 1.2762 0.2857 0.009 -0.8765 0.2193 0.4286
-8.3944 1.1114 1.0956 0.2857 0.064 -0.8765 0.2193 0.4286
-8.2739 0.5696 1.1636 0.1793 0.0365 -0.8082 -0.4279 0.4046
-8.1565 0.4131 1.2325 0.1429 0.009 -0.6936 -0.6145 0.3758
-8.308 0.7405 1.2762 0.2143 0.009 -0.8765 -0.2193 0.4286
-8.2739 0.5696 1.1636 0.1793 0.0365 -0.8082 -0.4279 0.4046
-8.2366 0.392 1.0501 0.1429 0.064 -0.6936 -0.6145 0.3758
-8.1565 0.4131 1.2325 0.1429 0.009 -0.6936 -0.6145 0.3758
-8.2739 0.5696 1.1636 0.1793 0.0365 -0.8082 -0.4279 0.4046
-8.3944 0.7329 1.0956 0.2143 0.064 -0.8765 -0.2193 0.4286
-8.2366 0.392 1.0501 0.1429 0.064 -0.6936 -0.6145 0.3758
-8.2739 0.5696 1.1636 0.1793 0.0365 -0.8082 -0.4279 0.4046
-8.308 0.7405 1.2762 0.2143 0.009 -0.8765 -0.2193 0.4286
-8.3944 0.7329 1.0956 0.2143 0.064 -0.8765 -0.2193 0.4286
-8.0572 0.2869 1.1011 0.1079 0.0365 -0.5452 -0.7711 0.3288
-7.8835 0.1865 1.1538 0.0714 0.009 -0.3641 -0.888 0.2809
-8.1565 0.4131 1.2325 0.1429 0.009 -0.6936 -0.6145 0.3758
-8.0572 0.2869 1.1011 0.1079 0.0365 -0.5452 -0.7711 0.3288
-7.9523 0.156 0.9681 0.0714 0.064 -0.3641 -0.888 0.2809
-7.8835 0.1865 1.1538 0.0714 0.009 -0.3641 -0.888 0.2809
-8.0572 0.2869 1.1011 0.1079 0.0365 -0.5452 -0.7711 0.3288
-8.2366 0.392 1.0501 0.1429 0.064 -0.6936 -0.6145 0.3758
-7.9523 0.156 0.9681 0.0714 0.064 -0.3641 -0.888 0.2809
-8.0572 0.2869 1.1011 0.1079 0.0365 -0.5452 -0.7711 0.3288
-8.1565 0.4131 1.2325 0.1429 0.009 -0.6936 -0.6145 0.3758
-8.2366 0.392 1.0501 0.1429 0.064 -0.6936 -0.6145 0.3758
-7.7441 0.13 1.0109 0.0364 0.0365 -0.1652 -0.9616 0.2193
-7.5431 0.1057 1.0557 -0 0.009 0.0468 -0.9856 0.1625
-7.8835 0.1865 1.1538 0.0714 0.009 -0.3641 -0.888 0.2809
-7.7441 0.13 1.0109 0.0364 0.0365 -0.1652 -0.9616 0.2193
-7.5977 0.0718 0.866 -0 0.064 0.0468 -0.9856 0.1625
-7.5431 0.1057 1.0557 -0 0.009 0.0468 -0.9856 0.1625
-7.7441 0.13 1.0109 0.0364 0.0365 -0.1652 -0.9616 0.2193
-7.9523 0.156 0.9681 0.0714 0.064 -0.3641 -0.888 0.2809
-7.5977 0.0718 0.866 -0 0.064 0.0468 -0.9856 0.1625
-7.7441 0.13 1.0109 0.0364 0.0365 -0.1652 -0.9616 0.2193
-7.8835 0.1865 1.1538 0.0714 0.009 -0.3641 -0.888 0.2809
-7.9523 0.156 0.9681 0.0714 0.064 -0.3641 -0.888 0.2809
-7.9423 0.1183 -0.9921 0.9636 0.0365 0.1715 -0.9647 -0.1999
-7.7286 0.1453 -0.9392 0.9286 0.009 0.3713 -0.891 -0.2612
-8.0881 0.0599 -0.8356 1 0.009 -0.041 -0.989 -0.1424
-7.9423 0.1183 -0.9921 0.9636 0.0365 0.1715 -0.9647 -0.1999
-7.8033 0.175 -1.1467 0.9286 0.064 0.3713 -0.891 -0.2612
-7.7286 0.1453 -0.9392 0.9286 0.009 0.3713 -0.891 -0.2612
-7.9423 0.1183 -0.9921 0.9636 0.0365 0.1715 -0.9647 -0.1999
-8.1491 0.0929 -1.047 1 0.064 -0.041 -0.989 -0.1424
-7.8033 0.175 -1.1467 0.9286 0.064 0.3713 -0.891 -0.2612
-7.9423 0.1183 -0.9921 0.9636 0.0365 0.1715 -0.9647 -0.1999
-8.0881 0.0599 -0.8356 1 0.009 -0.041 -0.989 -0.1424
-8.1491 0.0929 -1.047 1 0.064 -0.041 -0.989 -0.1424
-7.6246 0.2775 -1.0837 0.8922 0.0365 0.5528 -0.7736 -0.3098
-7.4403 0.3846 -1.0222 0.8571 0.009 0.7019 -0.6166 -0.3565
-7.7286 0.1453 -0.9392 0.9286 0.009 0.3713 -0.891 -0.2612
-7.6246 0.2775 -1.0837 0.8922 0.0365 0.5528 -0.7736 -0.3098
-7.5261 0.4051 -1.2266 0.8571 0.064 0.7019 -0.6166 -0.3565
-7.4403 0.3846 -1.0222 0.8571 0.009 0.7019 -0.6166 -0.3565
-7.6246 0.2775 -1.0837 0.8922 0.0365 0.5528 -0.7736 -0.3098
-7.8033 0.175 -1.1467 0.9286 0.064 0.3713 -0.891 -0.2612
-7.5261 0.4051 -1.2266 0.8571 0.064 0.7019 -0.6166 -0.3565
-7.6246 0.2775 -1.0837 0.8922 0.0365 0.5528 -0.7736 -0.3098
-7.7286 0.1453 -0.9392 0.9286 0.009 0.3713 -0.891 -0.2612
-7.8033 0.175 -1.1467 0.9286 0.064 0.3713 -0.891 -0.2612
-7.4048 0.5644 -1.147 0.8207 0.0365 0.8166 -0.4293 -0.3858
-7.2804 0.7303 -1.0683 0.7857 0.009 0.8854 -0.2201 -0.4094
-7.4403 0.3846 -1.0222 0.8571 0.009 0.7019 -0.6166 -0.3565
-7.4048 0.5644 -1.147 0.8207 0.0365 0.8166 -0.4293 -0.3858
-7.3722 0.7377 -1.2709 0.7857 0.064 0.8854 -0.2201 -0.4094
-7.2804 0.7303 -1.0683 0.7857 0.009 0.8854 -0.2201 -0.4094
-7.4048 0.5644 -1.147 0.8207 0.0365 0.8166 -0.4293 -0.3858
-7.5261 0.4051 -1.2266 0.8571 0.064 0.7019 -0.6166 -0.3565
-7.3722 0.7377 -1.2709 0.7857 0.064 0.8854 -0.2201 -0.4094
-7.4048 0.5644 -1.147 0.8207 0.0365 0.8166 -0.4293 -0.3858
-7.4403 0.3846 -1.0222 0.8571 0.009 0.7019 -0.6166 -0.3565
-7.5261 0.4051 -1.2266 0.8571 0.064 0.7019 -0.6166 -0.3565
-7.3263 0.9222 -1.1696 0.7493 0.0365 0.9108 0 -0.4129
-7.2804 1.114 -1.0683 0.7143 0.009 0.8854 0.2201 -0.4094
-7.2804 0.7303 -1.0683 0.7857 0.009 0.8854 -0.2201 -0.4094
-7.3263 0.9222 -1.1696 0.7493 0.0365 0.9108 0 -0.4129
-7.3722 1.1067 -1.2709 0.7143 0.064 0.8854 0.2201 -0.4094
-7.2804 1.114 -1.0683 0.7143 0.009 0.8854 0.2201 -0.4094
-7.3263 0.9222 -1.1696 0.7493 0.0365 0.9108 0 -0.4129
-7.3722 0.7377 -1.2709 0.7857 0.064 0.8854 -0.2201 -0.4094
-7.3722 1.1067 -1.2709 0.7143 0.064 0.8854 0.2201 -0.4094
-7.3263 0.9222 -1.1696 0.7493 0.0365 0.9108 0 -0.4129
-7.2804 0.7303 -1.0683 0.7857 0.009 0.8854 -0.2201 -0.4094
-7.3722 0.7377 -1.2709 0.7857 0.064 0.8854 -0.2201 -0.4094
-7.4048 1.2799 -1.147 0.6779 0.0365 0.8166 0.4293 -0.3858
-7.4403 1.4598 -1.0222 0.6429 0.009 0.7019 0.6166 -0.3565
-7.2804 1.114 -1.0683 0.7143 0.009 0.8854 0.2201 -0.4094
-7.4048 1.2799 -1.147 0.6779 0.0365 0.8166 0.4293 -0.3858
-7.5261 1.4392 -1.2266 0.6429 0.064 0.7019 0.6166 -0.3565
-7.4403 1.4598 -1.0222 0.6429 0.009 0.7019 0.6166 -0.3565
-7.4048 1.2799 -1.147 0.6779 0.0365 0.8166 0.4293 -0.3858
-7.3722 1.1067 -1.2709 0.7143 0.064 0.8854 0.2201 -0.4094
-7.5261 1.4392 -1.2266 0.6429 0.064 0.7019 0.6166 -0.3565
-7.4048 1.2799 -1.147 0.6779 0.0365 0.8166 0.4293 -0.3858
-7.2804 1.114 -1.0683 0.7143 0.009 0.8854 0.2201 -0.4094
-7.3722 1.1067 -1.2709 0.7143 0.064 0.8854 0.2201 -0.4094
-7.6246 1.5668 -1.0837 0.6065 0.0365 0.5528 0.7736 -0.3098
-7.7286 1.699 -0.9392 0.5714 0.009 0.3713 0.891 -0.2612
-7.4403 1.4598 -1.0222 0.6429 0.009 0.7019 0.6166 -0.3565
-7.6246 1.5668 -1.0837 0.6065 0.0365 0.5528 0.7736 -0.3098
-7.8033 1.6693 -1.1467 0.5714 0.064 0.3713 0.891 -0.2612
-7.7286 1.699 -0.9392 0.5714 0.009 0.3713 0.891 -0.2612
-7.6246 1.5668 -1.0837 0.6065 0.0365 0.5528 0.7736 -0.3098
-7.5261 1.4392 -1.2266 0.6429 0.064 0.7019 0.6166 -0.3565
-7.8033 1.6693 -1.1467 0.5714 0.064 0.3713 0.891 -0.2612
-7.6246 1.5668 -1.0837 0.6065 0.0365 0.5528 0.7736 -0.3098
-7.4403 1.4598 -1.0222 0.6429 0.009 0.7019 0.6166 -0.3565
-7.5261 1.4392 -1.2266 0.6429 0.064 0.7019 0.6166 -0.3565
-7.9423 1.726 -0.9921 0.535 0.0365 0.1715 0.9647 -0.1999
-8.0881 1.7844 -0.8356 0.5 0.009 -0.041 0.989 -0.1424
-7.7286 1.699 -0.9392 0.5714 0.009 0.3713 0.891 -0.2612
-7.9423 1.726 -0.9921 0.535 0.0365 0.1715 0.9647 -0.1999
-8.1491 1.7514 -1.047 0.5 0.064 -0.041 0.989 -0.1424
-8.0881 1.7844 -0.8356 0.5 0.009 -0.041 0.989 -0.1424
-7.9423 1.726 -0.9921 0.535 0.0365 0.1715 0.9647 -0.1999
-7.8033 1.6693 -1.1467 0.5714 0.064 0.3713 0.891 -0.2612
-8.1491 1.7514 -1.047 0.5 0.064 -0.041 0.989 -0.1424
-7.9423 1.726 -0.9921 0.535 0.0365 0.1715 0.9647 -0.1999
-7.7286 1.699 -0.9392 0.5714 0.009 0.3713 0.891 -0.2612
-7.8033 1.6693 -1.1467 0.5714 0.064 0.3713 0.891 -0.2612
-8.2949 1.726 -0.8905 0.4636 0.0365 -0.2516 0.9647 -0.078
-8.4476 1.699 -0.732 0.4286 0.009 -0.4534 0.891 -0.0236
-8.0881 1.7844 -0.8356 0.5 0.009 -0.041 0.989 -0.1424
-8.2949 1.726 -0.8905 0.4636 0.0365 -0.2516 0.9647 -0.078
-8.4948 1.6693 -0.9474 0.4286 0.064 -0.4534 0.891 -0.0236
-8.4476 1.699 -0.732 0.4286 0.009 -0.4534 0.891 -0.0236
-8.2949 1.726 -0.8905 0.4636 0.0365 -0.2516 0.9647 -0.078
-8.1491 1.7514 -1.047 0.5 0.064 -0.041 0.989 -0.1424
-8.4948 1.6693 -0.9474 0.4286 0.064 -0.4534 0.891 -0.0236
-8.2949 1.726 -0.8905 0.4636 0.0365 -0.2516 0.9647 -0.078
-8.0881 1.7844 -0.8356 0.5 0.009 -0.041 0.989 -0.1424
-8.1491 1.7514 -1.047 0.5 0.064 -0.041 0.989 -0.1424
-8.6126 1.5668 -0.7989 0.3922 0.0365 -0.6328 0.7736 0.0319
-8.7359 1.4598 -0.6489 0.3571 0.009 -0.784 0.6166 0.0717
-8.4476 1.699 -0.732 0.4286 0.009 -0.4534 0.891 -0.0236
-8.6126 1.5668 -0.7989 0.3922 0.0365 -0.6328 0.7736 0.0319
-8.772 1.4392 -0.8675 0.3571 0.064 -0.784 0.6166 0.0717
-8.7359 1.4598 -0.6489 0.3571 0.009 -0.784 0.6166 0.0717
-8.6126 1.5668 -0.7989 0.3922 0.0365 -0.6328 0.7736 0.0319
-8.4948 1.6693 -0.9474 0.4286 0.064 -0.4534 0.891 -0.0236
-8.772 1.4392 -0.8675 0.3571 0.064 -0.784 0.6166 0.0717
-8.6126 1.5668 -0.7989 0.3922 0.0365 -0.6328 0.7736 0.0319
-8.4476 1.699 -0.732 0.4286 0.009 -0.4534 0.891 -0.0236
-8.4948 1.6693 -0.9474 0.4286 0.064 -0.4534 0.891 -0.0236
-8.8324 1.2799 -0.7356 0.3207 0.0365 -0.8967 0.4293 0.108
-8.8959 1.114 -0.6028 0.2857 0.009 -0.9675 0.2201 0.1246
-8.7359 1.4598 -0.6489 0.3571 0.009 -0.784 0.6166 0.0717
-8.8324 1.2799 -0.7356 0.3207 0.0365 -0.8967 0.4293 0.108
-8.9259 1.1067 -0.8232 0.2857 0.064 -0.9675 0.2201 0.1246
-8.8959 1.114 -0.6028 0.2857 0.009 -0.9675 0.2201 0.1246
-8.8324 1.2799 -0.7356 0.3207 0.0365 -0.8967 0.4293 0.108
-8.772 1.4392 -0.8675 0.3571 0.064 -0.784 0.6166 0.0717
-8.9259 1.1067 -0.8232 0.2857 0.064 -0.9675 0.2201 0.1246
-8.8324 1.2799 -0.7356 0.3207 0.0365 -0.8967 0.4293 0.108
-8.7359 1.4598 -0.6489 0.3571 0.009 -0.784 0.6166 0.0717
-8.772 1.4392 -0.8675 0.3571 0.064 -0.784 0.6166 0.0717
-8.9109 0.9222 -0.713 0.2493 0.0365 -0.9908 0 0.1351
-8.8959 0.7303 -0.6028 0.2143 0.009 -0.9675 -0.2201 0.1246
-8.8959 1.114 -0.6028 0.2857 0.009 -0.9675 0.2201 0.1246
-8.9109 0.9222 -0.713 0.2493 0.0365 -0.9908 0 0.1351
-8.9259 0.7377 -0.8232 0.2143 0.064 -0.9675 -0.2201 0.1246
-8.8959 0.7303 -0.6028 0.2143 0.009 -0.9675 -0.2201 0.1246
-8.9109 0.9222 -0.713 0.2493 0.0365 -0.9908 0 0.1351
-8.9259 1.1067 -0.8232 0.2857 0.064 -0.9675 0.2201 0.1246
-8.9259 0.7377 -0.8232 0.2143 0.064 -0.9675 -0.2201 0.1246
-8.9109 0.9222 -0.713 0.2493 0.0365 -0.9908 0 0.1351
-8.8959 1.114 -0.6028 0.2857 0.009 -0.9675 0.2201 0.1246
-8.9259 1.1067 -0.8232 0.2857 0.064 -0.9675 0.2201 0.1246
-8.8324 0.5644 -0.7356 0.1779 0.0365 -0.8967 -0.4293 0.108
-8.7359 0.3846 -0.6489 0.1429 0.009 -0.784 -0.6166 0.0717
-8.8959 0.7303 -0.6028 0.2143 0.009 -0.9675 -0.2201 0.1246
-8.8324 0.5644 -0.7356 0.1779 0.0365 -0.8967 -0.4293 0.108
-8.772 0.4051 -0.8675 0.1429 0.064 -0.784 -0.6166 0.0717
-8.7359 0.3846 -0.6489 0.1429 0.009 -0.784 -0.6166 0.0717
-8.8324 0.5644 -0.7356 0.1779 0.0365 -0.8967 -0.4293 0.108
-8.9259 0.7377 -0.8232 0.2143 0.064 -0.9675 -0.2201 0.1246
-8.772 0.4051 -0.8675 0.1429 0.064 -0.784 -0.6166 0.0717
-8.8324 0.5644 -0.7356 0.1779 0.0365 -0.8967 -0.4293 0.108
-8.8959 0.7303 -0.6028 0.2143 0.009 -0.9675 -0.2201 0.1246
-8.9259 0.7377 -0.8232 0.2143 0.064 -0.9675 -0.2201 0.1246
-8.6126 0.2775 -0.7989 0.1065 0.0365 -0.6328 -0.7736 0.0319
-8.4476 0.1453 -0.732 0.0714 0.009 -0.4534 -0.891 -0.0236
-8.7359 0.3846 -0.6489 0.1429 0.009 -0.784 -0.6166 0.0717
-8.6126 0.2775 -0.7989 0.1065 0.0365 -0.6328 -0.7736 0.0319
-8.4948 0.175 -0.9474 0.0714 0.064 -0.4534 -0.891 -0.0236
-8.4476 0.1453 -0.732 0.0714 0.009 -0.4534 -0.891 -0.0236
-8.6126 0.2775 -0.7989 0.1065 0.0365 -0.6328 -0.7736 0.0319
-8.772 0.4051 -0.8675 0.1429 0.064 -0.784 -0.6166 0.0717
-8.4948 0.175 -0.9474 0.0714 0.064 -0.4534 -0.891 -0.0236
-8.6126 0.2775 -0.7989 0.1065 0.0365 -0.6328 -0.7736 0.0319
-8.7359 0.3846 -0.6489 0.1429 0.009 -0.784 -0.6166 0.0717
-8.772 0.4051 -0.8675 0.1429 0.064 -0.784 -0.6166 0.0717
-8.2949 0.1183 -0.8905 0.035 0.0365 -0.2516 -0.9647 -0.078
-8.0881 0.0599 -0.8356 -0 0.009 -0.041 -0.989 -0.1424
-8.4476 0.1453 -0.732 0.0714 0.009 -0.4534 -0.891 -0.0236
-8.2949 0.1183 -0.8905 0.035 0.0365 -0.2516 -0.9647 -0.078
-8.1491 0.0929 -1.047 -0 0.064 -0.041 -0.989 -0.1424
-8.0881 0.0599 -0.8356 -0 0.009 -0.041 -0.989 -0.1424
-8.2949 0.1183 -0.8905 0.035 0.0365 -0.2516 -0.9647 -0.078
-8.4948 0.175 -0.9474 0.0714 0.064 -0.4534 -0.891 -0.0236
-8.1491 0.0929 -1.047 -0 0.064 -0.041 -0.989 -0.1424
-8.2949 0.1183 -0.8905 0.035 0.0365 -0.2516 -0.9647 -0.078
-8.4476 0.1453 -0.732 0.0714 0.009 -0.4534 -0.891 -0.0236
-8.4948 0.175 -0.9474 0.0714 0.064 -0.4534 -0.891 -0.0236
-7.93 0.0313 0.4473 0.036 0.0915 -0.1922 -0.9721 0.1343
-7.7073 -0.0074 0.4858 -0 0.064 0.0215 -0.997 0.0747
-8.0949 0.0846 0.5975 0.0714 0.064 -0.3941 -0.8982 0.1945
-7.93 0.0313 0.4473 0.036 0.0915 -0.1922 -0.9721 0.1343
-7.762 -0.0228 0.2961 -0 0.119 0.0215 -0.997 0.0747
-7.7073 -0.0074 0.4858 -0 0.064 0.0215 -0.997 0.0747
-7.93 0.0313 0.4473 0.036 0.0915 -0.1922 -0.9721 0.1343
-8.1559 0.0708 0.4097 0.0714 0.119 -0.3941 -0.8982 0.1945
-7.762 -0.0228 0.2961 -0 0.119 0.0215 -0.997 0.0747
-7.93 0.0313 0.4473 0.036 0.0915 -0.1922 -0.9721 0.1343
-8.0949 0.0846 0.5975 0.0714 0.064 -0.3941 -0.8982 0.1945
-8.1559 0.0708 0.4097 0.0714 0.119 -0.3941 -0.8982 0.1945
-8.2821 0.2078 0.5487 0.1074 0.0915 -0.5764 -0.7796 0.245
-8.0949 0.0846 0.5975 0.0714 0.064 -0.3941 -0.8982 0.1945
-8.4057 0.3426 0.6871 0.1429 0.064 -0.7274 -0.6216 0.2906
-8.2821 0.2078 0.5487 0.1074 0.0915 -0.5764 -0.7796 0.245
-8.1559 0.0708 0.4097 0.0714 0.119 -0.3941 -0.8982 0.1945
-8.0949 0.0846 0.5975 0.0714 0.064 -0.3941 -0.8982 0.1945
-8.2821 0.2078 0.5487 0.1074 0.0915 -0.5764 -0.7796 0.245
-8.4719 0.333 0.5007 0.1429 0.119 -0.7274 -0.6216 0.2906
-8.1559 0.0708 0.4097 0.0714 0.119 -0.3941 -0.8982 0.1945
-8.2821 0.2078 0.5487 0.1074 0.0915 -0.5764 -0.7796 0.245
-8.4057 0.3426 0.6871 0.1429 0.064 -0.7274 -0.6216 0.2906
-8.4719 0.333 0.5007 0.1429 0.119 -0.7274 -0.6216 0.2906
-8.5257 0.5257 0.6189 0.1789 0.0915 -0.8422 -0.4326 0.3217
-8.4057 0.3426 0.6871 0.1429 0.064 -0.7274 -0.6216 0.2906
-8.5781 0.7153 0.7368 0.2143 0.064 -0.9124 -0.2218 0.3439
-8.5257 0.5257 0.6189 0.1789 0.0915 -0.8422 -0.4326 0.3217
-8.4719 0.333 0.5007 0.1429 0.119 -0.7274 -0.6216 0.2906
-8.4057 0.3426 0.6871 0.1429 0.064 -0.7274 -0.6216 0.2906
-8.5257 0.5257 0.6189 0.1789 0.0915 -0.8422 -0.4326 0.3217
-8.6472 0.7119 0.5512 0.2143 0.119 -0.9124 -0.2218 0.3439
-8.4719 0.333 0.5007 0.1429 0.119 -0.7274 -0.6216 0.2906
-8.5257 0.5257 0.6189 0.1789 0.0915 -0.8422 -0.4326 0.3217
-8.5781 0.7153 0.7368 0.2143 0.064 -0.9124 -0.2218 0.3439
-8.6472 0.7119 0.5512 0.2143 0.119 -0.9124 -0.2218 0.3439
-8.6127 0.9222 0.644 0.2503 0.0915 -0.9371 0 0.349
-8.5781 0.7153 0.7368 0.2143 0.064 -0.9124 -0.2218 0.3439
-8.5781 1.129 0.7368 0.2857 0.064 -0.9124 0.2218 0.3439
-8.6127 0.9222 0.644 0.2503 0.0915 -0.9371 0 0.349
-8.6472 0.7119 0.5512 0.2143 0.119 -0.9124 -0.2218 0.3439
-8.5781 0.7153 0.7368 0.2143 0.064 -0.9124 -0.2218 0.3439
-8.6127 0.9222 0.644 0.2503 0.0915 -0.9371 0 0.349
-8.6472 1.1325 0.5512 0.2857 0.119 -0.9124 0.2218 0.3439
-8.6472 0.7119 0.5512 0.2143 0.119 -0.9124 -0.2218 0.3439
-8.6127 0.9222 0.644 0.2503 0.0915 -0.9371 0 0.349
-8.5781 1.129 0.7368 0.2857 0.064 -0.9124 0.2218 0.3439
-8.6472 1.1325 0.5512 0.2857 0.119 -0.9124 0.2218 0.3439
-8.5257 1.3187 0.6189 0.3217 0.0915 -0.8422 0.4326 0.3217
-8.5781 1.129 0.7368 0.2857 0.064 -0.9124 0.2218 0.3439
-8.4057 1.5018 0.6871 0.3571 0.064 -0.7274 0.6216 0.2906
-8.5257 1.3187 0.6189 0.3217 0.0915 -0.8422 0.4326 0.3217
-8.6472 1.1325 0.5512 0.2857 0.119 -0.9124 0.2218 0.3439
-8.5781 1.129 0.7368 0.2857 0.064 -0.9124 0.2218 0.3439
-8.5257 1.3187 0.6189 0.3217 0.0915 -0.8422 0.4326 0.3217
-8.4719 1.5114 0.5007 0.3571 0.119 -0.7274 0.6216 0.2906
-8.6472 1.1325 0.5512 0.2857 0.119 -0.9124 0.2218 0.3439
-8.5257 1.3187 0.6189 0.3217 0.0915 -0.8422 0.4326 0.3217
-8.4057 1.5018 0.6871 0.3571 0.064 -0.7274 0.6216 0.2906
-8.4719 1.5114 0.5007 0.3571 0.119 -0.7274 0.6216 0.2906
-8.2821 1.6366 0.5487 0.3931 0.0915 -0.5764 0.7796 0.245
-8.4057 1.5018 0.6871 0.3571 0.064 -0.7274 0.6216 0.2906
-8.0949 1.7597 0.5975 0.4286 0.064 -0.3941 0.8982 0.1945
-8.2821 1.6366 0.5487 0.3931 0.0915 -0.5764 0.7796 0.245
-8.4719 1.5114 0.5007 0.3571 0.119 -0.7274 0.6216 0.2906
-8.4057 1.5018 0.6871 0.3571 0.064 -0.7274 0.6216 0.2906
-8.2821 1.6366 0.5487 0.3931 0.0915 -0.5764 0.7796 0.245
-8.1559 1.7736 0.4097 0.4286 0.119 -0.3941 0.8982 0.1945
-8.4719 1.5114 0.5007 0.3571 0.119 -0.7274 0.6216 0.2906
-8.2821 1.6366 0.5487 0.3931 0.0915 -0.5764 0.7796 0.245
-8.0949 1.7597 0.5975 0.4286 0.064 -0.3941 0.8982 0.1945
-8.1559 1.7736 0.4097 0.4286 0.119 -0.3941 0.8982 0.1945
-7.93 1.8131 0.4473 0.4646 0.0915 -0.1922 0.9721 0.1343
-8.0949 1.7597 0.5975 0.4286 0.064 -0.3941 0.8982 0.1945
-7.7073 1.8518 0.4858 0.5 0.064 0.0215 0.997 0.0747
-7.93 1.8131 0.4473 0.4646 0.0915 -0.1922 0.9721 0.1343
-8.1559 1.7736 0.4097 0.4286 0.119 -0.3941 0.8982 0.1945
-8.0949 1.7597 0.5975 0.4286 0.064 -0.3941 0.8982 0.1945
-7.93 1.8131 0.4473 0.4646 0.0915 -0.1922 0.9721 0.1343
-7.762 1.8672 0.2961 0.5 0.119 0.0215 0.997 0.0747
-8.1559 1.7736 0.4097 0.4286 0.119 -0.3941 0.8982 0.1945
-7.93 1.8131 0.4473 0.4646 0.0915 -0.1922 0.9721 0.1343
-7.7073 1.8518 0.4858 0.5 0.064 0.0215 0.997 0.0747
-7.762 1.8672 0.2961 0.5 0.119 0.0215 0.997 0.0747
-7.5393 1.8131 0.3347 0.536 0.0915 0.2342 0.9721 0.0114
-7.7073 1.8518 0.4858 0.5 0.064 0.0215 0.997 0.0747
-7.3197 1.7597 0.3741 0.5714 0.064 0.4372 0.8982 -0.0451
-7.5393 1.8131 0.3347 0.536 0.0915 0.2342 0.9721 0.0114
-7.762 1.8672 0.2961 0.5 0.119 0.0215 0.997 0.0747
-7.7073 1.8518 0.4858 0.5 0.064 0.0215 0.997 0.0747
-7.5393 1.8131 0.3347 0.536 0.0915 0.2342 0.9721 0.0114
-7.368 1.7736 0.1826 0.5714 0.119 0.4372 0.8982 -0.0451
-7.762 1.8672 0.2961 0.5 0.119 0.0215 0.997 0.0747
-7.5393 1.8131 0.3347 0.536 0.0915 0.2342 0.9721 0.0114
-7.3197 1.7597 0.3741 0.5714 0.064 0.4372 0.8982 -0.0451
-7.368 1.7736 0.1826 0.5714 0.119 0.4372 0.8982 -0.0451
-7.1872 1.6366 0.2332 0.6074 0.0915 0.6184 0.7796 -0.0993
-7.3197 1.7597 0.3741 0.5714 0.064 0.4372 0.8982 -0.0451
-7.0089 1.5018 0.2845 0.6429 0.064 0.7705 0.6216 -0.1411
-7.1872 1.6366 0.2332 0.6074 0.0915 0.6184 0.7796 -0.0993
-7.368 1.7736 0.1826 0.5714 0.119 0.4372 0.8982 -0.0451
-7.3197 1.7597 0.3741 0.5714 0.064 0.4372 0.8982 -0.0451
-7.1872 1.6366 0.2332 0.6074 0.0915 0.6184 0.7796 -0.0993
-7.052 1.5114 0.0915 0.6429 0.119 0.7705 0.6216 -0.1411
-7.368 1.7736 0.1826 0.5714 0.119 0.4372 0.8982 -0.0451
-7.1872 1.6366 0.2332 0.6074 0.0915 0.6184 0.7796 -0.0993
-7.0089 1.5018 0.2845 0.6429 0.064 0.7705 0.6216 -0.1411
-7.052 1.5114 0.0915 0.6429 0.119 0.7705 0.6216 -0.1411
-6.9435 1.3187 0.163 0.6789 0.0915 0.8842 0.4326 -0.1759
-7.0089 1.5018 0.2845 0.6429 0.064 0.7705 0.6216 -0.1411
-6.8365 1.129 0.2348 0.7143 0.064 0.9555 0.2218 -0.1944
-6.9435 1.3187 0.163 0.6789 0.0915 0.8842 0.4326 -0.1759
-7.052 1.5114 0.0915 0.6429 0.119 0.7705 0.6216 -0.1411
-7.0089 1.5018 0.2845 0.6429 0.064 0.7705 0.6216 -0.1411
-6.9435 1.3187 0.163 0.6789 0.0915 0.8842 0.4326 -0.1759
-6.8767 1.1325 0.041 0.7143 0.119 0.9555 0.2218 -0.1944
-7.052 1.5114 0.0915 0.6429 0.119 0.7705 0.6216 -0.1411
-6.9435 1.3187 0.163 0.6789 0.0915 0.8842 0.4326 -0.1759
-6.8365 1.129 0.2348 0.7143 0.064 0.9555 0.2218 -0.1944
-6.8767 1.1325 0.041 0.7143 0.119 0.9555 0.2218 -0.1944
-6.8566 0.9222 0.1379 0.7503 0.0915 0.9791 0 -0.2033
-6.8365 1.129 0.2348 0.7143 0.064 0.9555 0.2218 -0.1944
-6.8365 0.7153 0.2348 0.7857 0.064 0.9555 -0.2218 -0.1944
-6.8566 0.9222 0.1379 0.7503 0.0915 0.9791 0 -0.2033
-6.8767 1.1325 0.041 0.7143 0.119 0.9555 0.2218 -0.1944
-6.8365 1.129 0.2348 0.7143 0.064 0.9555 0.2218 -0.1944
-6.8566 0.9222 0.1379 0.7503 0.0915 0.9791 0 -0.2033
-6.8767 0.7119 0.041 0.7857 0.119 0.9555 -0.2218 -0.1944
-6.8767 1.1325 0.041 0.7143 0.119 0.9555 0.2218 -0.1944
-6.8566 0.9222 0.1379 0.7503 0.0915 0.9791 0 -0.2033
-6.8365 0.7153 0.2348 0.7857 0.064 0.9555 -0.2218 -0.1944
-6.8767 0.7119 0.041 0.7857 0.119 0.9555 -0.2218 -0.1944
-6.9435 0.5257 0.163 0.8217 0.0915 0.8842 -0.4326 -0.1759
-6.8365 0.7153 0.2348 0.7857 0.064 0.9555 -0.2218 -0.1944
-7.0089 0.3426 0.2845 0.8571 0.064 0.7705 -0.6216 -0.1411
-6.9435 0.5257 0.163 0.8217 0.0915 0.8842 -0.4326 -0.1759
-6.8767 0.7119 0.041 0.7857 0.119 0.9555 -0.2218 -0.1944
-6.8365 0.7153 0.2348 0.7857 0.064 0.9555 -0.2218 -0.1944
-6.9435 0.5257 0.163 0.8217 0.0915 0.8842 -0.4326 -0.1759
-7.052 0.333 0.0915 0.8571 0.119 0.7705 -0.6216 -0.1411
-6.8767 0.7119 0.041 0.7857 0.119 0.9555 -0.2218 -0.1944
-6.9435 0.5257 0.163 0.8217 0.0915 0.8842 -0.4326 -0.1759
-7.0089 0.3426 0.2845 0.8571 0.064 0.7705 -0.6216 -0.1411
-7.052 0.333 0.0915 0.8571 0.119 0.7705 -0.6216 -0.1411
-7.1872 0.2078 0.2332 0.8931 0.0915 0.6184 -0.7796 -0.0993
-7.0089 0.3426 0.2845 0.8571 0.064 0.7705 -0.6216 -0.1411
-7.3197 0.0846 0.3741 0.9286 0.064 0.4372 -0.8982 -0.0451
-7.1872 0.2078 0.2332 0.8931 0.0915 0.6184 -0.7796 -0.0993
-7.052 0.333 0.0915 0.8571 0.119 0.7705 -0.6216 -0.1411
-7.0089 0.3426 0.2845 0.8571 0.064 0.7705 -0.6216 -0.1411
-7.1872 0.2078 0.2332 0.8931 0.0915 0.6184 -0.7796 -0.0993
-7.368 0.0708 0.1826 0.9286 0.119 0.4372 -0.8982 -0.0451
-7.052 0.333 0.0915 0.8571 0.119 0.7705 -0.6216 -0.1411
-7.1872 0.2078 0.2332 0.8931 0.0915 0.6184 -0.7796 -0.0993
-7.3197 0.0846 0.3741 0.9286 0.064 0.4372 -0.8982 -0.0451
-7.368 0.0708 0.1826 0.9286 0.119 0.4372 -0.8982 -0.0451
-7.5392 0.0313 0.3347 0.9646 0.0915 0.2342 -0.9721 0.0114
-7.3197 0.0846 0.3741 0.9286 0.064 0.4372 -0.8982 -0.0451
-7.7073 -0.0074 0.4858 1 0.064 0.0215 -0.997 0.0747
-7.5392 0.0313 0.3347 0.9646 0.0915 0.2342 -0.9721 0.0114
-7.368 0.0708 0.1826 0.9286 0.119 0.4372 -0.8982 -0.0451
-7.3197 0.0846 0.3741 0.9286 0.064 0.4372 -0.8982 -0.0451
-7.5392 0.0313 0.3347 0.9646 0.0915 0.2342 -0.9721 0.0114
-7.762 -0.0228 0.2961 1 0.119 0.0215 -0.997 0.0747
-7.368 0.0708 0.1826 0.9286 0.119 0.4372 -0.8982 -0.0451
-7.5392 0.0313 0.3347 0.9646 0.0915 0.2342 -0.9721 0.0114
-7.7073 -0.0074 0.4858 1 0.064 0.0215 -0.997 0.0747
-7.762 -0.0228 0.2961 1 0.119 0.0215 -0.997 0.0747
-8.1536 0.0283 -0.3263 0.0354 0.0915 -0.2375 -0.9711 -0.0238
-7.9303 -0.0272 -0.2879 -0 0.064 -0.0252 -0.9959 -0.0873
-8.3261 0.0668 -0.1738 0.0714 0.064 -0.4404 -0.8972 0.0323
-8.1536 0.0283 -0.3263 0.0354 0.0915 -0.2375 -0.9711 -0.0238
-7.9849 -0.0092 -0.4776 -0 0.119 -0.0252 -0.9959 -0.0873
-7.9303 -0.0272 -0.2879 -0 0.064 -0.0252 -0.9959 -0.0873
-8.1536 0.0283 -0.3263 0.0354 0.0915 -0.2375 -0.9711 -0.0238
-8.3733 0.083 -0.3657 0.0714 0.119 -0.4404 -0.8972 0.0323
-7.9849 -0.0092 -0.4776 -0 0.119 -0.0252 -0.9959 -0.0873
-8.1536 0.0283 -0.3263 0.0354 0.0915 -0.2375 -0.9711 -0.0238
-8.3261 0.0668 -0.1738 0.0714 0.064 -0.4404 -0.8972 0.0323
-8.3733 0.083 -0.3657 0.0714 0.119 -0.4404 -0.8972 0.0323
-8.5069 0.2054 -0.2244 0.1068 0.0915 -0.6213 -0.7788 0.0868
-8.3261 0.0668 -0.1738 0.0714 0.064 -0.4404 -0.8972 0.0323
-8.6435 0.3302 -0.0824 0.1429 0.064 -0.7733 -0.6209 0.1283
-8.5069 0.2054 -0.2244 0.1068 0.0915 -0.6213 -0.7788 0.0868
-8.3733 0.083 -0.3657 0.0714 0.119 -0.4404 -0.8972 0.0323
-8.3261 0.0668 -0.1738 0.0714 0.064 -0.4404 -0.8972 0.0323
-8.5069 0.2054 -0.2244 0.1068 0.0915 -0.6213 -0.7788 0.0868
-8.6847 0.3415 -0.2759 0.1429 0.119 -0.7733 -0.6209 0.1283
-8.3733 0.083 -0.3657 0.0714 0.119 -0.4404 -0.8972 0.0323
-8.5069 0.2054 -0.2244 0.1068 0.0915 -0.6213 -0.7788 0.0868
-8.6435 0.3302 -0.0824 0.1429 0.064 -0.7733 -0.6209 0.1283
-8.6847 0.3415 -0.2759 0.1429 0.119 -0.7733 -0.6209 0.1283
-8.7513 0.5244 -0.154 0.1782 0.0915 -0.8869 -0.4322 0.1634
-8.6435 0.3302 -0.0824 0.1429 0.064 -0.7733 -0.6209 0.1283
-8.8197 0.7109 -0.0316 0.2143 0.064 -0.9581 -0.2216 0.1816
-8.7513 0.5244 -0.154 0.1782 0.0915 -0.8869 -0.4322 0.1634
-8.6847 0.3415 -0.2759 0.1429 0.119 -0.7733 -0.6209 0.1283
-8.6435 0.3302 -0.0824 0.1429 0.064 -0.7733 -0.6209 0.1283
-8.7513 0.5244 -0.154 0.1782 0.0915 -0.8869 -0.4322 0.1634
-8.8575 0.7149 -0.2261 0.2143 0.119 -0.9581 -0.2216 0.1816
-8.6847 0.3415 -0.2759 0.1429 0.119 -0.7733 -0.6209 0.1283
-8.7513 0.5244 -0.154 0.1782 0.0915 -0.8869 -0.4322 0.1634
-8.8197 0.7109 -0.0316 0.2143 0.064 -0.9581 -0.2216 0.1816
-8.8575 0.7149 -0.2261 0.2143 0.119 -0.9581 -0.2216 0.1816
-8.8386 0.9222 -0.1289 0.2497 0.0915 -0.9816 -0 0.1907
-8.8197 0.7109 -0.0316 0.2143 0.064 -0.9581 -0.2216 0.1816
-8.8197 1.1334 -0.0316 0.2857 0.064 -0.9581 0.2216 0.1816
-8.8386 0.9222 -0.1289 0.2497 0.0915 -0.9816 -0 0.1907
-8.8575 0.7149 -0.2261 0.2143 0.119 -0.9581 -0.2216 0.1816
-8.8197 0.7109 -0.0316 0.2143 0.064 -0.9581 -0.2216 0.1816
-8.8386 0.9222 -0.1289 0.2497 0.0915 -0.9816 -0 0.1907
-8.8575 1.1294 -0.2261 0.2857 0.119 -0.9581 0.2216 0.1816
-8.8575 0.7149 -0.2261 0.2143 0.119 -0.9581 -0.2216 0.1816
-8.8386 0.9222 -0.1289 0.2497 0.0915 -0.9816 -0 0.1907
-8.8197 1.1334 -0.0316 0.2857 0.064 -0.9581 0.2216 0.1816
-8.8575 1.1294 -0.2261 0.2857 0.119 -0.9581 0.2216 0.1816
-8.7513 1.32 -0.154 0.3211 0.0915 -0.8869 0.4322 0.1634
-8.8197 1.1334 -0.0316 0.2857 0.064 -0.9581 0.2216 0.1816
-8.6435 1.5141 -0.0824 0.3571 0.064 -0.7733 0.6209 0.1283
-8.7513 1.32 -0.154 0.3211 0.0915 -0.8869 0.4322 0.1634
-8.8575 1.1294 -0.2261 0.2857 0.119 -0.9581 0.2216 0.1816
-8.8197 1.1334 -0.0316 0.2857 0.064 -0.9581 0.2216 0.1816
-8.7513 1.32 -0.154 0.3211 0.0915 -0.8869 0.4322 0.1634
-8.6847 1.5029 -0.2759 0.3571 0.119 -0.7733 0.6209 0.1283
-8.8575 1.1294 -0.2261 0.2857 0.119 -0.9581 0.2216 0.1816
-8.7513 1.32 -0.154 0.3211 0.0915 -0.8869 0.4322 0.1634
-8.6435 1.5141 -0.0824 0.3571 0.064 -0.7733 0.6209 0.1283
-8.6847 1.5029 -0.2759 0.3571 0.119 -0.7733 0.6209 0.1283
-8.5069 1.639 -0.2244 0.3925 0.0915 -0.6213 0.7788 0.0868
-8.6435 1.5141 -0.0824 0.3571 0.064 -0.7733 0.6209 0.1283
-8.3261 1.7776 -0.1738 0.4286 0.064 -0.4404 0.8972 0.0323
-8.5069 1.639 -0.2244 0.3925 0.0915 -0.6213 0.7788 0.0868
-8.6847 1.5029 -0.2759 0.3571 0.119 -0.7733 0.6209 0.1283
-8.6435 1.5141 -0.0824 0.3571 0.064 -0.7733 0.6209 0.1283
-8.5069 1.639 -0.2244 0.3925 0.0915 -0.6213 0.7788 0.0868
-8.3733 1.7613 -0.3657 0.4286 0.119 -0.4404 0.8972 0.0323
-8.6847 1.5029 -0.2759 0.3571 0.119 -0.7733 0.6209 0.1283
-8.5069 1.639 -0.2244 0.3925 0.0915 -0.6213 0.7788 0.0868
-8.3261 1.7776 -0.1738 0.4286 0.064 -0.4404 0.8972 0.0323
-8.3733 1.7613 -0.3657 0.4286 0.119 -0.4404 0.8972 0.0323
-8.1536 1.816 -0.3263 0.4639 0.0915 -0.2375 0.9711 -0.0238
-8.3261 1.7776 -0.1738 0.4286 0.064 -0.4404 0.8972 0.0323
-7.9303 1.8716 -0.2879 0.5 0.064 -0.0252 0.9959 -0.0873
-8.1536 1.816 -0.3263 0.4639 0.0915 -0.2375 0.9711 -0.0238
-8.3733 1.7613 -0.3657 0.4286 0.119 -0.4404 0.8972 0.0323
-8.3261 1.7776 -0.1738 0.4286 0.064 -0.4404 0.8972 0.0323
-8.1536 1.816 -0.3263 0.4639 0.0915 -0.2375 0.9711 -0.0238
-7.9849 1.8536 -0.4776 0.5 0.119 -0.0252 0.9959 -0.0873
-8.3733 1.7613 -0.3657 0.4286 0.119 -0.4404 0.8972 0.0323
-8.1536 1.816 -0.3263 0.4639 0.0915 -0.2375 0.9711 -0.0238
-7.9303 1.8716 -0.2879 0.5 0.064 -0.0252 0.9959 -0.0873
-7.9849 1.8536 -0.4776 0.5 0.119 -0.0252 0.9959 -0.0873
-7.7616 1.816 -0.4392 0.5354 0.0915 0.1884 0.9711 -0.1465
-7.9303 1.8716 -0.2879 0.5 0.064 -0.0252 0.9959 -0.0873
-7.5345 1.7776 -0.402 0.5714 0.064 0.39 0.8972 -0.207
-7.7616 1.816 -0.4392 0.5354 0.0915 0.1884 0.9711 -0.1465
-7.9849 1.8536 -0.4776 0.5 0.119 -0.0252 0.9959 -0.0873
-7.9303 1.8716 -0.2879 0.5 0.064 -0.0252 0.9959 -0.0873
-7.7616 1.816 -0.4392 0.5354 0.0915 0.1884 0.9711 -0.1465
-7.5966 1.7613 -0.5895 0.5714 0.119 0.39 0.8972 -0.207
-7.9849 1.8536 -0.4776 0.5 0.119 -0.0252 0.9959 -0.0873
-7.7616 1.816 -0.4392 0.5354 0.0915 0.1884 0.9711 -0.1465
-7.5345 1.7776 -0.402 0.5714 0.064 0.39 0.8972 -0.207
-7.5966 1.7613 -0.5895 0.5714 0.119 0.39 0.8972 -0.207
-7.4083 1.639 -0.541 0.6068 0.0915 0.5722 0.7788 -0.2571
-7.5345 1.7776 -0.402 0.5714 0.064 0.39 0.8972 -0.207
-7.217 1.5141 -0.4935 0.6429 0.064 0.723 0.6209 -0.3029
-7.4083 1.639 -0.541 0.6068 0.0915 0.5722 0.7788 -0.2571
-7.5966 1.7613 -0.5895 0.5714 0.119 0.39 0.8972 -0.207
-7.5345 1.7776 -0.402 0.5714 0.064 0.39 0.8972 -0.207
-7.4083 1.639 -0.541 0.6068 0.0915 0.5722 0.7788 -0.2571
-7.2852 1.5029 -0.6792 0.6429 0.119 0.723 0.6209 -0.3029
-7.5966 1.7613 -0.5895 0.5714 0.119 0.39 0.8972 -0.207
-7.4083 1.639 -0.541 0.6068 0.0915 0.5722 0.7788 -0.2571
-7.217 1.5141 -0.4935 0.6429 0.064 0.723 0.6209 -0.3029
-7.2852 1.5029 -0.6792 0.6429 0.119 0.723 0.6209 -0.3029
-7.1639 1.32 -0.6115 0.6782 0.0915 0.8378 0.4322 -0.3337
-7.217 1.5141 -0.4935 0.6429 0.064 0.723 0.6209 -0.3029
-7.0409 1.1334 -0.5442 0.7143 0.064 0.9078 0.2216 -0.3562
-7.1639 1.32 -0.6115 0.6782 0.0915 0.8378 0.4322 -0.3337
-7.2852 1.5029 -0.6792 0.6429 0.119 0.723 0.6209 -0.3029
-7.217 1.5141 -0.4935 0.6429 0.064 0.723 0.6209 -0.3029
-7.1639 1.32 -0.6115 0.6782 0.0915 0.8378 0.4322 -0.3337
-7.1124 1.1294 -0.729 0.7143 0.119 0.9078 0.2216 -0.3562
-7.2852 1.5029 -0.6792 0.6429 0.119 0.723 0.6209 -0.3029
-7.1639 1.32 -0.6115 0.6782 0.0915 0.8378 0.4322 -0.3337
-7.0409 1.1334 -0.5442 0.7143 0.064 0.9078 0.2216 -0.3562
-7.1124 1.1294 -0.729 0.7143 0.119 0.9078 0.2216 -0.3562
-7.0766 0.9222 -0.6366 0.7497 0.0915 0.9326 0 -0.361
-7.0409 1.1334 -0.5442 0.7143 0.064 0.9078 0.2216 -0.3562
-7.0409 0.7109 -0.5442 0.7857 0.064 0.9078 -0.2216 -0.3562
-7.0766 0.9222 -0.6366 0.7497 0.0915 0.9326 0 -0.361
-7.1124 1.1294 -0.729 0.7143 0.119 0.9078 0.2216 -0.3562
-7.0409 1.1334 -0.5442 0.7143 0.064 0.9078 0.2216 -0.3562
-7.0766 0.9222 -0.6366 0.7497 0.0915 0.9326 0 -0.361
-7.1124 0.7149 -0.729 0.7857 0.119 0.9078 -0.2216 -0.3562
-7.1124 1.1294 -0.729 0.7143 0.119 0.9078 0.2216 -0.3562
-7.0766 0.9222 -0.6366 0.7497 0.0915 0.9326 0 -0.361
-7.0409 0.7109 -0.5442 0.7857 0.064 0.9078 -0.2216 -0.3562
-7.1124 0.7149 -0.729 0.7857 0.119 0.9078 -0.2216 -0.3562
-7.1639 0.5244 -0.6115 0.8211 0.0915 0.8378 -0.4322 -0.3337
-7.0409 0.7109 -0.5442 0.7857 0.064 0.9078 -0.2216 -0.3562
-7.217 0.3302 -0.4935 0.8571 0.064 0.723 -0.6209 -0.3029
-7.1639 0.5244 -0.6115 0.8211 0.0915 0.8378 -0.4322 -0.3337
-7.1124 0.7149 -0.729 0.7857 0.119 0.9078 -0.2216 -0.3562
-7.0409 0.7109 -0.5442 0.7857 0.064 0.9078 -0.2216 -0.3562
-7.1639 0.5244 -0.6115 0.8211 0.0915 0.8378 -0.4322 -0.3337
-7.2852 0.3415 -0.6792 0.8571 0.119 0.723 -0.6209 -0.3029
-7.1124 0.7149 -0.729 0.7857 0.119 0.9078 -0.2216 -0.3562
-7.1639 0.5244 -0.6115 0.8211 0.0915 0.8378 -0.4322 -0.3337
-7.217 0.3302 -0.4935 0.8571 0.064 0.723 -0.6209 -0.3029
-7.2852 0.3415 -0.6792 0.8571 0.119 0.723 -0.6209 -0.3029
-7.4083 0.2054 -0.541 0.8925 0.0915 0.5722 -0.7788 -0.2571
-7.217 0.3302 -0.4935 0.8571 0.064 0.723 -0.6209 -0.3029
-7.5345 0.0668 -0.402 0.9286 0.064 0.39 -0.8972 -0.207
-7.4083 0.2054 -0.541 0.8925 0.0915 0.5722 -0.7788 -0.2571
-7.2852 0.3415 -0.6792 0.8571 0.119 0.723 -0.6209 -0.3029
-7.217 0.3302 -0.4935 0.8571 0.064 0.723 -0.6209 -0.3029
-7.4083 0.2054 -0.541 0.8925 0.0915 0.5722 -0.7788 -0.2571
-7.5966 0.083 -0.5895 0.9286 0.119 0.39 -0.8972 -0.207
-7.2852 0.3415 -0.6792 0.8571 0.119 0.723 -0.6209 -0.3029
-7.4083 0.2054 -0.541 0.8925 0.0915 0.5722 -0.7788 -0.2571
-7.5345 0.0668 -0.402 0.9286 0.064 0.39 -0.8972 -0.207
-7.5966 0.083 -0.5895 0.9286 0.119 0.39 -0.8972 -0.207
-7.7616 0.0283 -0.4392 0.9639 0.0915 0.1884 -0.9711 -0.1465
-7.5345 0.0668 -0.402 0.9286 0.064 0.39 -0.8972 -0.207
-7.9303 -0.0272 -0.2879 1 0.064 -0.0252 -0.9959 -0.0873
-7.7616 0.0283 -0.4392 0.9639 0.0915 0.1884 -0.9711 -0.1465
-7.5966 0.083 -0.5895 0.9286 0.119 0.39 -0.8972 -0.207
-7.5345 0.0668 -0.402 0.9286 0.064 0.39 -0.8972 -0.207
-7.7616 0.0283 -0.4392 0.9639 0.0915 0.1884 -0.9711 -0.1465
-7.9849 -0.0092 -0.4776 1 0.119 -0.0252 -0.9959 -0.0873
-7.5966 0.083 -0.5895 0.9286 0.119 0.39 -0.8972 -0.207
-7.7616 0.0283 -0.4392 0.9639 0.0915 0.1884 -0.9711 -0.1465
-7.9303 -0.0272 -0.2879 1 0.064 -0.0252 -0.9959 -0.0873
-7.9849 -0.0092 -0.4776 1 0.119 -0.0252 -0.9959 -0.0873
-7.4556 0.0901 0.6735 0.9651 0.3824 0.2571 -0.9612 0.1
-7.2039 0.1865 0.9533 0.9276 0.1397 0.2571 -0.9612 0.1
-7.5443 0.1057 1.0514 0.999 0.1397 0.2571 -0.9612 0.1
-7.4556 0.0901 0.6735 0.9651 0.3824 0.2571 -0.9612 0.1
-7.3423 0.0803 0.2885 0.9267 0.625 0.2571 -0.9612 0.1
-7.2039 0.1865 0.9533 0.9276 0.1397 0.2571 -0.9612 0.1
-7.4556 0.0901 0.6735 0.9651 0.3824 0.2571 -0.9612 0.1
-7.7318 -0.0122 0.4007 0.9981 0.625 0.2571 -0.9612 0.1
-7.3423 0.0803 0.2885 0.9267 0.625 0.2571 -0.9612 0.1
-7.4556 0.0901 0.6735 0.9651 0.3824 0.2571 -0.9612 0.1
-7.5443 0.1057 1.0514 0.999 0.1397 0.2571 -0.9612 0.1
-7.7318 -0.0122 0.4007 0.9981 0.625 0.2571 -0.9612 0.1
-7.1267 0.2549 0.5787 0.8984 0.3806 0.637 -0.7708 -0.0095
-6.9309 0.4131 0.8746 0.8651 0.1392 0.637 -0.7708 -0.0095
-7.2039 0.1865 0.9533 0.9288 0.1396 0.637 -0.7708 -0.0095
-7.1267 0.2549 0.5787 0.8984 0.3806 0.637 -0.7708 -0.0095
-7.0299 0.3396 0.1984 0.8638 0.6215 0.637 -0.7708 -0.0095
-6.9309 0.4131 0.8746 0.8651 0.1392 0.637 -0.7708 -0.0095
-7.1267 0.2549 0.5787 0.8984 0.3806 0.637 -0.7708 -0.0095
-7.3423 0.0803 0.2885 0.9282 0.6222 0.637 -0.7708 -0.0095
-7.0299 0.3396 0.1984 0.8638 0.6215 0.637 -0.7708 -0.0095
-7.1267 0.2549 0.5787 0.8984 0.3806 0.637 -0.7708 -0.0095
-7.2039 0.1865 0.9533 0.9288 0.1396 0.637 -0.7708 -0.0095
-7.3423 0.0803 0.2885 0.9282 0.6222 0.637 -0.7708 -0.0095
-6.8992 0.5519 0.5131 0.8299 0.3825 0.8999 -0.4278 -0.0852
-6.7794 0.7405 0.8309 0.7956 0.139 0.8999 -0.4278 -0.0852
-6.9309 0.4131 0.8746 0.8611 0.1408 0.8999 -0.4278 -0.0852
-6.8992 0.5519 0.5131 0.8299 0.3825 0.8999 -0.4278 -0.0852
-6.8565 0.7143 0.1485 0.7947 0.6242 0.8999 -0.4278 -0.0852
-6.7794 0.7405 0.8309 0.7956 0.139 0.8999 -0.4278 -0.0852
-6.8992 0.5519 0.5131 0.8299 0.3825 0.8999 -0.4278 -0.0852
-7.0299 0.3396 0.1984 0.8577 0.6228 0.8999 -0.4278 -0.0852
-6.8565 0.7143 0.1485 0.7947 0.6242 0.8999 -0.4278 -0.0852
-6.8992 0.5519 0.5131 0.8299 0.3825 0.8999 -0.4278 -0.0852
-6.9309 0.4131 0.8746 0.8611 0.1408 0.8999 -0.4278 -0.0852
-7.0299 0.3396 0.1984 0.8577 0.6228 0.8999 -0.4278 -0.0852
-6.8179 0.9222 0.4897 0.7639 0.382 0.9937 0 -0.1123
-6.7794 1.1039 0.8309 0.7288 0.1397 0.9937 0 -0.1123
-6.7794 0.7405 0.8309 0.7956 0.139 0.9937 0 -0.1123
-6.8179 0.9222 0.4897 0.7639 0.382 0.9937 0 -0.1123
-6.8565 1.1301 0.1485 0.7279 0.625 0.9937 0 -0.1123
-6.7794 1.1039 0.8309 0.7288 0.1397 0.9937 0 -0.1123
-6.8179 0.9222 0.4897 0.7639 0.382 0.9937 0 -0.1123
-6.8565 0.7143 0.1485 0.7947 0.6242 0.9937 0 -0.1123
-6.8565 1.1301 0.1485 0.7279 0.625 0.9937 0 -0.1123
-6.8179 0.9222 0.4897 0.7639 0.382 0.9937 -0 -0.1123
-6.7794 0.7405 0.8309 0.7956 0.139 0.9937 -0 -0.1123
-6.8565 0.7143 0.1485 0.7947 0.6242 0.9937 -0 -0.1123
-6.8992 1.2925 0.5131 0.6971 0.3827 0.8999 0.4278 -0.0852
-6.9309 1.4313 0.8746 0.6628 0.1405 0.8999 0.4278 -0.0852
-6.7794 1.1039 0.8309 0.7281 0.1397 0.8999 0.4278 -0.0852
-6.8992 1.2925 0.5131 0.6971 0.3827 0.8999 0.4278 -0.0852
-7.0299 1.5048 0.1984 0.6619 0.6258 0.8999 0.4278 -0.0852
-6.9309 1.4313 0.8746 0.6628 0.1405 0.8999 0.4278 -0.0852
-6.8992 1.2925 0.5131 0.6971 0.3827 0.8999 0.4278 -0.0852
-6.8565 1.1301 0.1485 0.7272 0.625 0.8999 0.4278 -0.0852
-7.0299 1.5048 0.1984 0.6619 0.6258 0.8999 0.4278 -0.0852
-6.8992 1.2925 0.5131 0.6971 0.3827 0.8999 0.4278 -0.0852
-6.7794 1.1039 0.8309 0.7281 0.1397 0.8999 0.4278 -0.0852
-6.8565 1.1301 0.1485 0.7272 0.625 0.8999 0.4278 -0.0852
-7.1267 1.5895 0.5787 0.6311 0.3828 0.637 0.7708 -0.0095
-7.2039 1.6578 0.9533 0.5961 0.1397 0.637 0.7708 -0.0095
-6.9309 1.4313 0.8746 0.6628 0.1405 0.637 0.7708 -0.0095
-7.1267 1.5895 0.5787 0.6311 0.3828 0.637 0.7708 -0.0095
-7.3423 1.764 0.2885 0.5952 0.625 0.637 0.7708 -0.0095
-7.2039 1.6578 0.9533 0.5961 0.1397 0.637 0.7708 -0.0095
-7.1267 1.5895 0.5787 0.6311 0.3828 0.637 0.7708 -0.0095
-7.0299 1.5048 0.1984 0.6619 0.6258 0.637 0.7708 -0.0095
-7.3423 1.764 0.2885 0.5952 0.625 0.637 0.7708 -0.0095
-7.1267 1.5895 0.5787 0.6311 0.3828 0.637 0.7708 -0.0095
-6.9309 1.4313 0.8746 0.6628 0.1405 0.637 0.7708 -0.0095
-7.0299 1.5048 0.1984 0.6619 0.6258 0.637 0.7708 -0.0095
-7.4556 1.7543 0.6735 0.5571 0.3824 0.2571 0.9612 0.1
-7.5443 1.7387 1.0514 0.5138 0.1397 0.2571 0.9612 0.1
-7.2039 1.6578 0.9533 0.5961 0.1397 0.2571 0.9612 0.1
-7.4556 1.7543 0.6735 0.5571 0.3824 0.2571 0.9612 0.1
-7.7318 1.8566 0.4007 0.5129 0.625 0.2571 0.9612 0.1
-7.5443 1.7387 1.0514 0.5138 0.1397 0.2571 0.9612 0.1
-7.4556 1.7543 0.6735 0.5571 0.3824 0.2571 0.9612 0.1
-7.3423 1.764 0.2885 0.5952 0.625 0.2571 0.9612 0.1
-7.7318 1.8566 0.4007 0.5129 0.625 0.2571 0.9612 0.1
-7.4556 1.7543 0.6735 0.5571 0.3824 0.2571 0.9612 0.1
-7.2039 1.6578 0.9533 0.5961 0.1397 0.2571 0.9612 0.1
-7.3423 1.764 0.2885 0.5952 0.625 0.2571 0.9612 0.1
-7.8206 1.7543 0.7787 0.4651 0.3824 -0.1645 0.9612 0.2215
-7.8847 1.6578 1.1495 0.4276 0.1397 -0.1645 0.9612 0.2215
-7.5443 1.7387 1.0514 0.499 0.1397 -0.1645 0.9612 0.2215
-7.8206 1.7543 0.7787 0.4651 0.3824 -0.1645 0.9612 0.2215
-8.1214 1.764 0.513 0.4267 0.625 -0.1645 0.9612 0.2215
-7.8847 1.6578 1.1495 0.4276 0.1397 -0.1645 0.9612 0.2215
-7.8206 1.7543 0.7787 0.4651 0.3824 -0.1645 0.9612 0.2215
-7.7318 1.8566 0.4007 0.4981 0.625 -0.1645 0.9612 0.2215
-8.1214 1.764 0.513 0.4267 0.625 -0.1645 0.9612 0.2215
-7.8206 1.7543 0.7787 0.4651 0.3824 -0.1645 0.9612 0.2215
-7.5443 1.7387 1.0514 0.499 0.1397 -0.1645 0.9612 0.2215
-7.7318 1.8566 0.4007 0.4981 0.625 -0.1645 0.9612 0.2215
-8.1494 1.5895 0.8734 0.3937 0.3824 -0.5443 0.7708 0.331
-8.1577 1.4313 1.2282 0.3562 0.1397 -0.5443 0.7708 0.331
-7.8847 1.6578 1.1495 0.4276 0.1397 -0.5443 0.7708 0.331
-8.1494 1.5895 0.8734 0.3937 0.3824 -0.5443 0.7708 0.331
-8.4338 1.5048 0.603 0.3553 0.625 -0.5443 0.7708 0.331
-8.1577 1.4313 1.2282 0.3562 0.1397 -0.5443 0.7708 0.331
-8.1494 1.5895 0.8734 0.3937 0.3824 -0.5443 0.7708 0.331
-8.1214 1.764 0.513 0.4267 0.625 -0.5443 0.7708 0.331
-8.4338 1.5048 0.603 0.3553 0.625 -0.5443 0.7708 0.331
-8.1494 1.5895 0.8734 0.3937 0.3824 -0.5443 0.7708 0.331
-7.8847 1.6578 1.1495 0.4276 0.1397 -0.5443 0.7708 0.331
-8.1214 1.764 0.513 0.4267 0.625 -0.5443 0.7708 0.331
-8.377 1.2925 0.939 0.3222 0.3824 -0.8072 0.4278 0.4067
-8.3092 1.1039 1.2718 0.2847 0.1397 -0.8072 0.4278 0.4067
-8.1577 1.4313 1.2282 0.3562 0.1397 -0.8072 0.4278 0.4067
-8.377 1.2925 0.939 0.3222 0.3824 -0.8072 0.4278 0.4067
-8.6071 1.1301 0.653 0.2838 0.625 -0.8072 0.4278 0.4067
-8.3092 1.1039 1.2718 0.2847 0.1397 -0.8072 0.4278 0.4067
-8.377 1.2925 0.939 0.3222 0.3824 -0.8072 0.4278 0.4067
-8.4338 1.5048 0.603 0.3553 0.625 -0.8072 0.4278 0.4067
-8.6071 1.1301 0.653 0.2838 0.625 -0.8072 0.4278 0.4067
-8.377 1.2925 0.939 0.3222 0.3824 -0.8072 0.4278 0.4067
-8.1577 1.4313 1.2282 0.3562 0.1397 -0.8072 0.4278 0.4067
-8.4338 1.5048 0.603 0.3553 0.625 -0.8072 0.4278 0.4067
-8.4582 0.9222 0.9624 0.2508 0.3824 -0.901 0 0.4338
-8.3092 0.7405 1.2718 0.2133 0.1397 -0.901 0 0.4338
-8.3092 1.1039 1.2718 0.2847 0.1397 -0.901 0 0.4338
-8.4582 0.9222 0.9624 0.2508 0.3824 -0.901 0 0.4338
-8.6071 0.7143 0.653 0.2124 0.625 -0.901 0 0.4338
-8.3092 0.7405 1.2718 0.2133 0.1397 -0.901 0 0.4338
-8.4582 0.9222 0.9624 0.2508 0.3824 -0.901 0 0.4338
-8.6071 1.1301 0.653 0.2838 0.625 -0.901 0 0.4338
-8.6071 0.7143 0.653 0.2124 0.625 -0.901 0 0.4338
-8.4582 0.9222 0.9624 0.2508 0.3824 -0.901 -0 0.4338
-8.3092 1.1039 1.2718 0.2847 0.1397 -0.901 -0 0.4338
-8.6071 1.1301 0.653 0.2838 0.625 -0.901 -0 0.4338
-8.377 0.5519 0.939 0.1794 0.3824 -0.8072 -0.4278 0.4067
-8.1577 0.4131 1.2282 0.1419 0.1397 -0.8072 -0.4278 0.4067
-8.3092 0.7405 1.2718 0.2133 0.1397 -0.8072 -0.4278 0.4067
-8.377 0.5519 0.939 0.1794 0.3824 -0.8072 -0.4278 0.4067
-8.4338 0.3396 0.603 0.141 0.625 -0.8072 -0.4278 0.4067
-8.1577 0.4131 1.2282 0.1419 0.1397 -0.8072 -0.4278 0.4067
-8.377 0.5519 0.939 0.1794 0.3824 -0.8072 -0.4278 0.4067
-8.6071 0.7143 0.653 0.2124 0.625 -0.8072 -0.4278 0.4067
-8.4338 0.3396 0.603 0.141 0.625 -0.8072 -0.4278 0.4067
-8.377 0.5519 0.939 0.1794 0.3824 -0.8072 -0.4278 0.4067
-8.3092 0.7405 1.2718 0.2133 0.1397 -0.8072 -0.4278 0.4067
-8.6071 0.7143 0.653 0.2124 0.625 -0.8072 -0.4278 0.4067
-7.1193 0.35 0.8784 0.4408 0.187 -0.5991 0.7818 0.1727
-7.2582 0.2458 0.868 0.4036 0.1999 -0.5991 0.7818 0.1727
-7.2313 0.2458 0.9612 0.4045 0.175 -0.5991 0.7818 0.1727
-7.1193 0.35 0.8784 0.4408 0.187 -0.5991 0.7818 0.1727
-7.0072 0.4541 0.7957 0.4771 0.1991 -0.5991 0.7818 0.1727
-7.2582 0.2458 0.868 0.4036 0.1999 -0.5991 0.7818 0.1727
-7.1193 0.35 0.8784 0.4408 0.187 -0.5991 0.7818 0.1727
-6.9803 0.4541 0.8889 0.4771 0.1743 -0.5991 0.7818 0.1727
-7.0072 0.4541 0.7957 0.4771 0.1991 -0.5991 0.7818 0.1727
-7.1193 0.35 0.8784 0.4408 0.187 -0.5991 0.7818 0.1727
-7.2313 0.2458 0.9612 0.4045 0.175 -0.5991 0.7818 0.1727
-6.9803 0.4541 0.8889 0.4771 0.1743 -0.5991 0.7818 0.1727
-8.1494 0.2549 0.8734 0.108 0.3824 -0.5443 -0.7708 0.331
-7.8847 0.1865 1.1495 0.0705 0.1397 -0.5443 -0.7708 0.331
-8.1577 0.4131 1.2282 0.1419 0.1397 -0.5443 -0.7708 0.331
-8.1494 0.2549 0.8734 0.108 0.3824 -0.5443 -0.7708 0.331
-8.1214 0.0803 0.513 0.0695 0.625 -0.5443 -0.7708 0.331
-7.8847 0.1865 1.1495 0.0705 0.1397 -0.5443 -0.7708 0.331
-8.1494 0.2549 0.8734 0.108 0.3824 -0.5443 -0.7708 0.331
-8.4338 0.3396 0.603 0.141 0.625 -0.5443 -0.7708 0.331
-8.1214 0.0803 0.513 0.0695 0.625 -0.5443 -0.7708 0.331
-8.1494 0.2549 0.8734 0.108 0.3824 -0.5443 -0.7708 0.331
-8.1577 0.4131 1.2282 0.1419 0.1397 -0.5443 -0.7708 0.331
-8.4338 0.3396 0.603 0.141 0.625 -0.5443 -0.7708 0.331
-7.8206 0.0901 0.7787 0.0365 0.3824 -0.1645 -0.9612 0.2215
-7.5443 0.1057 1.0514 -0.001 0.1397 -0.1645 -0.9612 0.2215
-7.8847 0.1865 1.1495 0.0705 0.1397 -0.1645 -0.9612 0.2215
-7.8206 0.0901 0.7787 0.0365 0.3824 -0.1645 -0.9612 0.2215
-7.7318 -0.0122 0.4007 -0.0019 0.625 -0.1645 -0.9612 0.2215
-7.5443 0.1057 1.0514 -0.001 0.1397 -0.1645 -0.9612 0.2215
-7.8206 0.0901 0.7787 0.0365 0.3824 -0.1645 -0.9612 0.2215
-8.1214 0.0803 0.513 0.0695 0.625 -0.1645 -0.9612 0.2215
-7.7318 -0.0122 0.4007 -0.0019 0.625 -0.1645 -0.9612 0.2215
-7.8206 0.0901 0.7787 0.0365 0.3824 -0.1645 -0.9612 0.2215
-7.8847 0.1865 1.1495 0.0705 0.1397 -0.1645 -0.9612 0.2215
-8.1214 0.0803 0.513 0.0695 0.625 -0.1645 -0.9612 0.2215
-8.1506 0.9222 -1.0524 0.3184 0.8182 -0.2769 0 -0.9609
-8.764 0.4131 -0.8756 0.1859 0.7125 -0.2769 0 -0.9609
-8.9155 0.7405 -0.8319 0.1531 0.7805 -0.2769 0 -0.9609
-8.1506 0.9222 -1.0524 0.3184 0.8182 -0.2769 -0 -0.9609
-8.491 0.1865 -0.9543 0.2448 0.6655 -0.2769 -0 -0.9609
-8.764 0.4131 -0.8756 0.1859 0.7125 -0.2769 -0 -0.9609
-8.1506 0.9222 -1.0524 0.3184 0.8182 -0.2769 -0 -0.9609
-8.1506 0.1057 -1.0524 0.3184 0.6487 -0.2769 -0 -0.9609
-8.491 0.1865 -0.9543 0.2448 0.6655 -0.2769 -0 -0.9609
-8.1506 0.9222 -1.0524 0.3184 0.8182 -0.2769 -0 -0.9609
-7.8102 0.1865 -1.1505 0.3919 0.6655 -0.2769 -0 -0.9609
-8.1506 0.1057 -1.0524 0.3184 0.6487 -0.2769 -0 -0.9609
-8.1506 0.9222 -1.0524 0.3184 0.8182 -0.2769 -0 -0.9609
-7.5372 0.4131 -1.2292 0.4509 0.7125 -0.2769 -0 -0.9609
-7.8102 0.1865 -1.1505 0.3919 0.6655 -0.2769 -0 -0.9609
-8.1506 0.9222 -1.0524 0.3184 0.8182 -0.2769 -0 -0.9609
-7.3857 0.7405 -1.2728 0.4837 0.7805 -0.2769 -0 -0.9609
-7.5372 0.4131 -1.2292 0.4509 0.7125 -0.2769 -0 -0.9609
-8.1506 0.9222 -1.0524 0.3184 0.8182 -0.2769 0 -0.9609
-7.3857 1.1039 -1.2728 0.4837 0.8559 -0.2769 0 -0.9609
-7.3857 0.7405 -1.2728 0.4837 0.7805 -0.2769 0 -0.9609
-8.1506 0.9222 -1.0524 0.3184 0.8182 -0.2769 0 -0.9609
-7.5372 1.4313 -1.2292 0.4509 0.9239 -0.2769 0 -0.9609
-7.3857 1.1039 -1.2728 0.4837 0.8559 -0.2769 0 -0.9609
-8.1506 0.9222 -1.0524 0.3184 0.8182 -0.2769 0 -0.9609
-7.8102 1.6578 -1.1505 0.3919 0.9709 -0.2769 0 -0.9609
-7.5372 1.4313 -1.2292 0.4509 0.9239 -0.2769 0 -0.9609
-8.1506 0.9222 -1.0524 0.3184 0.8182 -0.2769 0 -0.9609
-8.1506 1.7387 -1.0524 0.3184 0.9877 -0.2769 0 -0.9609
-7.8102 1.6578 -1.1505 0.3919 0.9709 -0.2769 0 -0.9609
-8.1506 0.9222 -1.0524 0.3184 0.8182 -0.2769 0 -0.9609
-8.491 1.6578 -0.9543 0.2448 0.9709 -0.2769 0 -0.9609
-8.1506 1.7387 -1.0524 0.3184 0.9877 -0.2769 0 -0.9609
-8.1506 0.9222 -1.0524 0.3184 0.8182 -0.2769 0 -0.9609
-8.764 1.4313 -0.8756 0.1859 0.9239 -0.2769 0 -0.9609
-8.491 1.6578 -0.9543 0.2448 0.9709 -0.2769 0 -0.9609
-8.1506 0.9222 -1.0524 0.3184 0.8182 -0.2769 -0 -0.9609
-8.9155 1.1039 -0.8319 0.1531 0.8559 -0.2769 -0 -0.9609
-8.764 1.4313 -0.8756 0.1859 0.9239 -0.2769 -0 -0.9609
-8.1506 0.9222 -1.0524 0.3184 0.8182 -0.2769 0 -0.9609
-8.9155 0.7405 -0.8319 0.1531 0.7805 -0.2769 0 -0.9609
-8.9155 1.1039 -0.8319 0.1531 0.8559 -0.2769 0 -0.9609
-8.2393 0.0901 -0.6745 0.0333 0.3832 -0.2571 -0.9612 -0.1
-7.9631 -0.0122 -0.4017 -0 0.1409 -0.2571 -0.9612 -0.1
-8.3526 0.0803 -0.2895 0.0714 0.1409 -0.2571 -0.9612 -0.1
-8.2393 0.0901 -0.6745 0.0333 0.3832 -0.2571 -0.9612 -0.1
-8.1506 0.1057 -1.0524 -0.0004 0.6255 -0.2571 -0.9612 -0.1
-7.9631 -0.0122 -0.4017 -0 0.1409 -0.2571 -0.9612 -0.1
-8.2393 0.0901 -0.6745 0.0333 0.3832 -0.2571 -0.9612 -0.1
-8.491 0.1865 -0.9543 0.071 0.6255 -0.2571 -0.9612 -0.1
-8.1506 0.1057 -1.0524 -0.0004 0.6255 -0.2571 -0.9612 -0.1
-8.2393 0.0901 -0.6745 0.0333 0.3832 -0.2571 -0.9612 -0.1
-8.3526 0.0803 -0.2895 0.0714 0.1409 -0.2571 -0.9612 -0.1
-8.491 0.1865 -0.9543 0.071 0.6255 -0.2571 -0.9612 -0.1
-8.0422 0.0341 0.0556 0.036 0.383 -0.2138 -0.9749 0.0616
-7.7318 -0.0122 0.4007 0.0006 0.6252 -0.2138 -0.9749 0.0616
-8.1214 0.0803 0.513 0.072 0.6252 -0.2138 -0.9749 0.0616
-8.0422 0.0341 0.0556 0.036 0.383 -0.2138 -0.9749 0.0616
-7.9631 -0.0122 -0.4017 -0 0.1409 -0.2138 -0.9749 0.0616
-7.7318 -0.0122 0.4007 0.0006 0.6252 -0.2138 -0.9749 0.0616
-8.0422 0.0341 0.0556 0.036 0.383 -0.2138 -0.9749 0.0616
-8.3526 0.0803 -0.2895 0.0714 0.1409 -0.2138 -0.9749 0.0616
-7.9631 -0.0122 -0.4017 -0 0.1409 -0.2138 -0.9749 0.0616
-8.0422 0.0341 0.0556 0.036 0.383 -0.2138 -0.9749 0.0616
-8.1214 0.0803 0.513 0.072 0.6252 -0.2138 -0.9749 0.0616
-8.3526 0.0803 -0.2895 0.0714 0.1409 -0.2138 -0.9749 0.0616
-8.5682 0.2549 -0.5797 0.1047 0.3832 -0.637 -0.7708 0.0095
-8.3526 0.0803 -0.2895 0.0714 0.1409 -0.637 -0.7708 0.0095
-8.665 0.3396 -0.1994 0.1429 0.1409 -0.637 -0.7708 0.0095
-8.5682 0.2549 -0.5797 0.1047 0.3832 -0.637 -0.7708 0.0095
-8.491 0.1865 -0.9543 0.071 0.6255 -0.637 -0.7708 0.0095
-8.3526 0.0803 -0.2895 0.0714 0.1409 -0.637 -0.7708 0.0095
-8.5682 0.2549 -0.5797 0.1047 0.3832 -0.637 -0.7708 0.0095
-8.764 0.4131 -0.8756 0.1425 0.6255 -0.637 -0.7708 0.0095
-8.491 0.1865 -0.9543 0.071 0.6255 -0.637 -0.7708 0.0095
-8.5682 0.2549 -0.5797 0.1047 0.3832 -0.637 -0.7708 0.0095
-8.665 0.3396 -0.1994 0.1429 0.1409 -0.637 -0.7708 0.0095
-8.764 0.4131 -0.8756 0.1425 0.6255 -0.637 -0.7708 0.0095
-8.3932 0.21 0.1568 0.1074 0.383 -0.5991 -0.7818 0.1727
-8.1214 0.0803 0.513 0.072 0.6252 -0.5991 -0.7818 0.1727
-8.4338 0.3396 0.603 0.1434 0.6252 -0.5991 -0.7818 0.1727
-8.3932 0.21 0.1568 0.1074 0.383 -0.5991 -0.7818 0.1727
-8.3526 0.0803 -0.2895 0.0714 0.1409 -0.5991 -0.7818 0.1727
-8.1214 0.0803 0.513 0.072 0.6252 -0.5991 -0.7818 0.1727
-8.3932 0.21 0.1568 0.1074 0.383 -0.5991 -0.7818 0.1727
-8.665 0.3396 -0.1994 0.1429 0.1409 -0.5991 -0.7818 0.1727
-8.3526 0.0803 -0.2895 0.0714 0.1409 -0.5991 -0.7818 0.1727
-8.3932 0.21 0.1568 0.1074 0.383 -0.5991 -0.7818 0.1727
-8.4338 0.3396 0.603 0.1434 0.6252 -0.5991 -0.7818 0.1727
-8.665 0.3396 -0.1994 0.1429 0.1409 -0.5991 -0.7818 0.1727
-8.7957 0.5519 -0.5141 0.1761 0.3832 -0.8999 -0.4278 0.0852
-8.665 0.3396 -0.1994 0.1429 0.1409 -0.8999 -0.4278 0.0852
-8.8384 0.7143 -0.1495 0.2143 0.1409 -0.8999 -0.4278 0.0852
-8.7957 0.5519 -0.5141 0.1761 0.3832 -0.8999 -0.4278 0.0852
-8.764 0.4131 -0.8756 0.1425 0.6255 -0.8999 -0.4278 0.0852
-8.665 0.3396 -0.1994 0.1429 0.1409 -0.8999 -0.4278 0.0852
-8.7957 0.5519 -0.5141 0.1761 0.3832 -0.8999 -0.4278 0.0852
-8.9155 0.7405 -0.8319 0.2139 0.6255 -0.8999 -0.4278 0.0852
-8.764 0.4131 -0.8756 0.1425 0.6255 -0.8999 -0.4278 0.0852
-8.7957 0.5519 -0.5141 0.1761 0.3832 -0.8999 -0.4278 0.0852
-8.8384 0.7143 -0.1495 0.2143 0.1409 -0.8999 -0.4278 0.0852
-8.9155 0.7405 -0.8319 0.2139 0.6255 -0.8999 -0.4278 0.0852
-8.6361 0.5269 0.2268 0.1789 0.383 -0.8657 -0.4339 0.2495
-8.4338 0.3396 0.603 0.1434 0.6252 -0.8657 -0.4339 0.2495
-8.6071 0.7143 0.653 0.2149 0.6252 -0.8657 -0.4339 0.2495
-8.6361 0.5269 0.2268 0.1789 0.383 -0.8657 -0.4339 0.2495
-8.665 0.3396 -0.1994 0.1429 0.1409 -0.8657 -0.4339 0.2495
-8.4338 0.3396 0.603 0.1434 0.6252 -0.8657 -0.4339 0.2495
-8.6361 0.5269 0.2268 0.1789 0.383 -0.8657 -0.4339 0.2495
-8.8384 0.7143 -0.1495 0.2143 0.1409 -0.8657 -0.4339 0.2495
-8.665 0.3396 -0.1994 0.1429 0.1409 -0.8657 -0.4339 0.2495
-8.6361 0.5269 0.2268 0.1789 0.383 -0.8657 -0.4339 0.2495
-8.6071 0.7143 0.653 0.2149 0.6252 -0.8657 -0.4339 0.2495
-8.8384 0.7143 -0.1495 0.2143 0.1409 -0.8657 -0.4339 0.2495
-8.877 0.9222 -0.4907 0.2475 0.3832 -0.9937 0 0.1123
-8.8384 0.7143 -0.1495 0.2143 0.1409 -0.9937 0 0.1123
-8.8384 1.1301 -0.1495 0.2857 0.1409 -0.9937 0 0.1123
-8.877 0.9222 -0.4907 0.2475 0.3832 -0.9937 -0 0.1123
-8.9155 0.7405 -0.8319 0.2139 0.6255 -0.9937 -0 0.1123
-8.8384 0.7143 -0.1495 0.2143 0.1409 -0.9937 -0 0.1123
-8.877 0.9222 -0.4907 0.2475 0.3832 -0.9937 0 0.1123
-8.9155 1.1039 -0.8319 0.2853 0.6255 -0.9937 0 0.1123
-8.9155 0.7405 -0.8319 0.2139 0.6255 -0.9937 0 0.1123
-8.877 0.9222 -0.4907 0.2475 0.3832 -0.9937 0 0.1123
-8.8384 1.1301 -0.1495 0.2857 0.1409 -0.9937 0 0.1123
-8.9155 1.1039 -0.8319 0.2853 0.6255 -0.9937 0 0.1123
-8.7228 0.9222 0.2518 0.2503 0.383 -0.9609 0 0.2769
-8.6071 0.7143 0.653 0.2149 0.6252 -0.9609 0 0.2769
-8.6071 1.1301 0.653 0.2863 0.6252 -0.9609 0 0.2769
-8.7228 0.9222 0.2518 0.2503 0.383 -0.9609 -0 0.2769
-8.8384 0.7143 -0.1495 0.2143 0.1409 -0.9609 -0 0.2769
-8.6071 0.7143 0.653 0.2149 0.6252 -0.9609 -0 0.2769
-8.7228 0.9222 0.2518 0.2503 0.383 -0.9609 0 0.2769
-8.8384 1.1301 -0.1495 0.2857 0.1409 -0.9609 0 0.2769
-8.8384 0.7143 -0.1495 0.2143 0.1409 -0.9609 0 0.2769
-8.7228 0.9222 0.2518 0.2503 0.383 -0.9609 0 0.2769
-8.6071 1.1301 0.653 0.2863 0.6252 -0.9609 0 0.2769
-8.8384 1.1301 -0.1495 0.2857 0.1409 -0.9609 0 0.2769
-8.7957 1.2925 -0.5141 0.319 0.3832 -0.8999 0.4278 0.0852
-8.8384 1.1301 -0.1495 0.2857 0.1409 -0.8999 0.4278 0.0852
-8.665 1.5048 -0.1994 0.3571 0.1409 -0.8999 0.4278 0.0852
-8.7957 1.2925 -0.5141 0.319 0.3832 -0.8999 0.4278 0.0852
-8.9155 1.1039 -0.8319 0.2853 0.6255 -0.8999 0.4278 0.0852
-8.8384 1.1301 -0.1495 0.2857 0.1409 -0.8999 0.4278 0.0852
-8.7957 1.2925 -0.5141 0.319 0.3832 -0.8999 0.4278 0.0852
-8.764 1.4313 -0.8756 0.3567 0.6255 -0.8999 0.4278 0.0852
-8.9155 1.1039 -0.8319 0.2853 0.6255 -0.8999 0.4278 0.0852
-8.7957 1.2925 -0.5141 0.319 0.3832 -0.8999 0.4278 0.0852
-8.665 1.5048 -0.1994 0.3571 0.1409 -0.8999 0.4278 0.0852
-8.764 1.4313 -0.8756 0.3567 0.6255 -0.8999 0.4278 0.0852
-8.6361 1.3174 0.2268 0.3217 0.383 -0.8657 0.4339 0.2495
-8.6071 1.1301 0.653 0.2863 0.6252 -0.8657 0.4339 0.2495
-8.4338 1.5048 0.603 0.3577 0.6252 -0.8657 0.4339 0.2495
-8.6361 1.3174 0.2268 0.3217 0.383 -0.8657 0.4339 0.2495
-8.8384 1.1301 -0.1495 0.2857 0.1409 -0.8657 0.4339 0.2495
-8.6071 1.1301 0.653 0.2863 0.6252 -0.8657 0.4339 0.2495
-8.6361 1.3174 0.2268 0.3217 0.383 -0.8657 0.4339 0.2495
-8.665 1.5048 -0.1994 0.3571 0.1409 -0.8657 0.4339 0.2495
-8.8384 1.1301 -0.1495 0.2857 0.1409 -0.8657 0.4339 0.2495
-8.6361 1.3174 0.2268 0.3217 0.383 -0.8657 0.4339 0.2495
-8.4338 1.5048 0.603 0.3577 0.6252 -0.8657 0.4339 0.2495
-8.665 1.5048 -0.1994 0.3571 0.1409 -0.8657 0.4339 0.2495
-8.5682 1.5895 -0.5797 0.3904 0.3832 -0.637 0.7708 0.0095
-8.665 1.5048 -0.1994 0.3571 0.1409 -0.637 0.7708 0.0095
-8.3526 1.764 -0.2895 0.4286 0.1409 -0.637 0.7708 0.0095
-8.5682 1.5895 -0.5797 0.3904 0.3832 -0.637 0.7708 0.0095
-8.764 1.4313 -0.8756 0.3567 0.6255 -0.637 0.7708 0.0095
-8.665 1.5048 -0.1994 0.3571 0.1409 -0.637 0.7708 0.0095
-8.5682 1.5895 -0.5797 0.3904 0.3832 -0.637 0.7708 0.0095
-8.491 1.6578 -0.9543 0.4282 0.6255 -0.637 0.7708 0.0095
-8.764 1.4313 -0.8756 0.3567 0.6255 -0.637 0.7708 0.0095
-8.5682 1.5895 -0.5797 0.3904 0.3832 -0.637 0.7708 0.0095
-8.3526 1.764 -0.2895 0.4286 0.1409 -0.637 0.7708 0.0095
-8.491 1.6578 -0.9543 0.4282 0.6255 -0.637 0.7708 0.0095
-8.3932 1.6344 0.1568 0.3931 0.383 -0.5991 0.7818 0.1727
-8.4338 1.5048 0.603 0.3577 0.6252 -0.5991 0.7818 0.1727
-8.1214 1.764 0.513 0.4291 0.6252 -0.5991 0.7818 0.1727
-8.3932 1.6344 0.1568 0.3931 0.383 -0.5991 0.7818 0.1727
-8.665 1.5048 -0.1994 0.3571 0.1409 -0.5991 0.7818 0.1727
-8.4338 1.5048 0.603 0.3577 0.6252 -0.5991 0.7818 0.1727
-8.3932 1.6344 0.1568 0.3931 0.383 -0.5991 0.7818 0.1727
-8.3526 1.764 -0.2895 0.4286 0.1409 -0.5991 0.7818 0.1727
-8.665 1.5048 -0.1994 0.3571 0.1409 -0.5991 0.7818 0.1727
-8.3932 1.6344 0.1568 0.3931 0.383 -0.5991 0.7818 0.1727
-8.1214 1.764 0.513 0.4291 0.6252 -0.5991 0.7818 0.1727
-8.3526 1.764 -0.2895 0.4286 0.1409 -0.5991 0.7818 0.1727
-8.2393 1.7543 -0.6745 0.4618 0.3832 -0.2571 0.9612 -0.1
-8.3526 1.764 -0.2895 0.4286 0.1409 -0.2571 0.9612 -0.1
-7.9631 1.8566 -0.4017 0.5 0.1409 -0.2571 0.9612 -0.1
-8.2393 1.7543 -0.6745 0.4618 0.3832 -0.2571 0.9612 -0.1
-8.491 1.6578 -0.9543 0.4282 0.6255 -0.2571 0.9612 -0.1
-8.3526 1.764 -0.2895 0.4286 0.1409 -0.2571 0.9612 -0.1
-8.2393 1.7543 -0.6745 0.4618 0.3832 -0.2571 0.9612 -0.1
-8.1506 1.7387 -1.0524 0.4996 0.6255 -0.2571 0.9612 -0.1
-8.491 1.6578 -0.9543 0.4282 0.6255 -0.2571 0.9612 -0.1
-8.2393 1.7543 -0.6745 0.4618 0.3832 -0.2571 0.9612 -0.1
-7.9631 1.8566 -0.4017 0.5 0.1409 -0.2571 0.9612 -0.1
-8.1506 1.7387 -1.0524 0.4996 0.6255 -0.2571 0.9612 -0.1
-8.0422 1.8103 0.0556 0.4646 0.383 -0.2138 0.9749 0.0616
-8.1214 1.764 0.513 0.4291 0.6252 -0.2138 0.9749 0.0616
-7.7318 1.8566 0.4007 0.5006 0.6252 -0.2138 0.9749 0.0616
-8.0422 1.8103 0.0556 0.4646 0.383 -0.2138 0.9749 0.0616
-8.3526 1.764 -0.2895 0.4286 0.1409 -0.2138 0.9749 0.0616
-8.1214 1.764 0.513 0.4291 0.6252 -0.2138 0.9749 0.0616
-8.0422 1.8103 0.0556 0.4646 0.383 -0.2138 0.9749 0.0616
-7.9631 1.8566 -0.4017 0.5 0.1409 -0.2138 0.9749 0.0616
-8.3526 1.764 -0.2895 0.4286 0.1409 -0.2138 0.9749 0.0616
-8.0422 1.8103 0.0556 0.4646 0.383 -0.2138 0.9749 0.0616
-7.7318 1.8566 0.4007 0.5006 0.6252 -0.2138 0.9749 0.0616
-7.9631 1.8566 -0.4017 0.5 0.1409 -0.2138 0.9749 0.0616
-7.8743 1.7543 -0.7796 0.5531 0.3832 0.1645 0.9612 -0.2215
-7.9631 1.8566 -0.4017 0.5148 0.1409 0.1645 0.9612 -0.2215
-7.5735 1.764 -0.514 0.597 0.1409 0.1645 0.9612 -0.2215
-7.8743 1.7543 -0.7796 0.5531 0.3832 0.1645 0.9612 -0.2215
-8.1506 1.7387 -1.0524 0.5144 0.6255 0.1645 0.9612 -0.2215
-7.9631 1.8566 -0.4017 0.5148 0.1409 0.1645 0.9612 -0.2215
-7.8743 1.7543 -0.7796 0.5531 0.3832 0.1645 0.9612 -0.2215
-7.8102 1.6578 -1.1505 0.5966 0.6255 0.1645 0.9612 -0.2215
-8.1506 1.7387 -1.0524 0.5144 0.6255 0.1645 0.9612 -0.2215
-7.8743 1.7543 -0.7796 0.5531 0.3832 0.1645 0.9612 -0.2215
-7.5735 1.764 -0.514 0.597 0.1409 0.1645 0.9612 -0.2215
-7.8102 1.6578 -1.1505 0.5966 0.6255 0.1645 0.9612 -0.2215
-7.6527 1.8103 -0.0566 0.5562 0.383 0.2138 0.9749 -0.0616
-7.7318 1.8566 0.4007 0.5153 0.6252 0.2138 0.9749 -0.0616
-7.3423 1.764 0.2885 0.5976 0.6252 0.2138 0.9749 -0.0616
-7.6527 1.8103 -0.0566 0.5562 0.383 0.2138 0.9749 -0.0616
-7.9631 1.8566 -0.4017 0.5148 0.1409 0.2138 0.9749 -0.0616
-7.7318 1.8566 0.4007 0.5153 0.6252 0.2138 0.9749 -0.0616
-7.6527 1.8103 -0.0566 0.5562 0.383 0.2138 0.9749 -0.0616
-7.5735 1.764 -0.514 0.597 0.1409 0.2138 0.9749 -0.0616
-7.9631 1.8566 -0.4017 0.5148 0.1409 0.2138 0.9749 -0.0616
-7.6527 1.8103 -0.0566 0.5562 0.383 0.2138 0.9749 -0.0616
-7.3423 1.764 0.2885 0.5976 0.6252 0.2138 0.9749 -0.0616
-7.5735 1.764 -0.514 0.597 0.1409 0.2138 0.9749 -0.0616
-7.5455 1.5895 -0.8744 0.6281 0.3836 0.5443 0.7708 -0.331
-7.5735 1.764 -0.514 0.597 0.1409 0.5443 0.7708 -0.331
-7.2611 1.5048 -0.604 0.6638 0.1416 0.5443 0.7708 -0.331
-7.5455 1.5895 -0.8744 0.6281 0.3836 0.5443 0.7708 -0.331
-7.8102 1.6578 -1.1505 0.5966 0.6255 0.5443 0.7708 -0.331
-7.5735 1.764 -0.514 0.597 0.1409 0.5443 0.7708 -0.331
-7.5455 1.5895 -0.8744 0.6281 0.3836 0.5443 0.7708 -0.331
-7.5372 1.4313 -1.2292 0.6634 0.6263 0.5443 0.7708 -0.331
-7.8102 1.6578 -1.1505 0.5966 0.6255 0.5443 0.7708 -0.331
-7.5455 1.5895 -0.8744 0.6281 0.3836 0.5443 0.7708 -0.331
-7.2611 1.5048 -0.604 0.6638 0.1416 0.5443 0.7708 -0.331
-7.5372 1.4313 -1.2292 0.6634 0.6263 0.5443 0.7708 -0.331
-7.3017 1.6344 -0.1578 0.6307 0.3834 0.5991 0.7818 -0.1727
-7.3423 1.764 0.2885 0.5976 0.6252 0.5991 0.7818 -0.1727
-7.0299 1.5048 0.1984 0.6644 0.626 0.5991 0.7818 -0.1727
-7.3017 1.6344 -0.1578 0.6307 0.3834 0.5991 0.7818 -0.1727
-7.5735 1.764 -0.514 0.597 0.1409 0.5991 0.7818 -0.1727
-7.3423 1.764 0.2885 0.5976 0.6252 0.5991 0.7818 -0.1727
-7.3017 1.6344 -0.1578 0.6307 0.3834 0.5991 0.7818 -0.1727
-7.2611 1.5048 -0.604 0.6638 0.1416 0.5991 0.7818 -0.1727
-7.5735 1.764 -0.514 0.597 0.1409 0.5991 0.7818 -0.1727
-7.3017 1.6344 -0.1578 0.6307 0.3834 0.5991 0.7818 -0.1727
-7.0299 1.5048 0.1984 0.6644 0.626 0.5991 0.7818 -0.1727
-7.2611 1.5048 -0.604 0.6638 0.1416 0.5991 0.7818 -0.1727
-7.3179 1.2925 -0.94 0.6942 0.3836 0.8072 0.4278 -0.4067
-7.2611 1.5048 -0.604 0.6638 0.1416 0.8072 0.4278 -0.4067
-7.0878 1.1301 -0.654 0.729 0.1409 0.8072 0.4278 -0.4067
-7.3179 1.2925 -0.94 0.6942 0.3836 0.8072 0.4278 -0.4067
-7.5372 1.4313 -1.2292 0.6634 0.6263 0.8072 0.4278 -0.4067
-7.2611 1.5048 -0.604 0.6638 0.1416 0.8072 0.4278 -0.4067
-7.3179 1.2925 -0.94 0.6942 0.3836 0.8072 0.4278 -0.4067
-7.3857 1.1039 -1.2728 0.7286 0.6255 0.8072 0.4278 -0.4067
-7.5372 1.4313 -1.2292 0.6634 0.6263 0.8072 0.4278 -0.4067
-7.3179 1.2925 -0.94 0.6942 0.3836 0.8072 0.4278 -0.4067
-7.0878 1.1301 -0.654 0.729 0.1409 0.8072 0.4278 -0.4067
-7.3857 1.1039 -1.2728 0.7286 0.6255 0.8072 0.4278 -0.4067
-7.0588 1.3174 -0.2278 0.6967 0.3834 0.8657 0.4339 -0.2495
-7.0299 1.5048 0.1984 0.6644 0.626 0.8657 0.4339 -0.2495
-6.8565 1.1301 0.1485 0.7296 0.6252 0.8657 0.4339 -0.2495
-7.0588 1.3174 -0.2278 0.6967 0.3834 0.8657 0.4339 -0.2495
-7.2611 1.5048 -0.604 0.6638 0.1416 0.8657 0.4339 -0.2495
-7.0299 1.5048 0.1984 0.6644 0.626 0.8657 0.4339 -0.2495
-7.0588 1.3174 -0.2278 0.6967 0.3834 0.8657 0.4339 -0.2495
-7.0878 1.1301 -0.654 0.729 0.1409 0.8657 0.4339 -0.2495
-7.2611 1.5048 -0.604 0.6638 0.1416 0.8657 0.4339 -0.2495
-7.0588 1.3174 -0.2278 0.6967 0.3834 0.8657 0.4339 -0.2495
-6.8565 1.1301 0.1485 0.7296 0.6252 0.8657 0.4339 -0.2495
-7.0878 1.1301 -0.654 0.729 0.1409 0.8657 0.4339 -0.2495
-7.2367 0.9222 -0.9634 0.7609 0.3828 0.901 0 -0.4338
-7.0878 1.1301 -0.654 0.7298 0.1409 0.901 0 -0.4338
-7.0878 0.7143 -0.654 0.7966 0.1401 0.901 0 -0.4338
-7.2367 0.9222 -0.9634 0.7609 0.3828 0.901 0 -0.4338
-7.3857 1.1039 -1.2728 0.7294 0.6255 0.901 0 -0.4338
-7.0878 1.1301 -0.654 0.7298 0.1409 0.901 0 -0.4338
-7.2367 0.9222 -0.9634 0.7609 0.3828 0.901 0 -0.4338
-7.3857 0.7405 -1.2728 0.7962 0.6247 0.901 0 -0.4338
-7.3857 1.1039 -1.2728 0.7294 0.6255 0.901 0 -0.4338
-7.2367 0.9222 -0.9634 0.7609 0.3828 0.901 -0 -0.4338
-7.0878 0.7143 -0.654 0.7966 0.1401 0.901 -0 -0.4338
-7.3857 0.7405 -1.2728 0.7962 0.6247 0.901 -0 -0.4338
-6.9721 0.9222 -0.2528 0.7635 0.3826 0.9609 0 -0.2769
-6.8565 1.1301 0.1485 0.7304 0.6252 0.9609 0 -0.2769
-6.8565 0.7143 0.1485 0.7971 0.6244 0.9609 0 -0.2769
-6.9721 0.9222 -0.2528 0.7635 0.3826 0.9609 -0 -0.2769
-7.0878 1.1301 -0.654 0.7298 0.1409 0.9609 -0 -0.2769
-6.8565 1.1301 0.1485 0.7304 0.6252 0.9609 -0 -0.2769
-6.9721 0.9222 -0.2528 0.7635 0.3826 0.9609 0 -0.2769
-7.0878 0.7143 -0.654 0.7966 0.1401 0.9609 0 -0.2769
-7.0878 1.1301 -0.654 0.7298 0.1409 0.9609 0 -0.2769
-6.9721 0.9222 -0.2528 0.7635 0.3826 0.9609 0 -0.2769
-6.8565 0.7143 0.1485 0.7971 0.6244 0.9609 0 -0.2769
-7.0878 0.7143 -0.654 0.7966 0.1401 0.9609 0 -0.2769
-7.3179 0.5519 -0.94 0.826 0.3831 0.8072 -0.4278 -0.4067
-7.0878 0.7143 -0.654 0.7966 0.1401 0.8072 -0.4278 -0.4067
-7.2611 0.3396 -0.604 0.8599 0.1416 0.8072 -0.4278 -0.4067
-7.3179 0.5519 -0.94 0.826 0.3831 0.8072 -0.4278 -0.4067
-7.3857 0.7405 -1.2728 0.7962 0.6247 0.8072 -0.4278 -0.4067
-7.0878 0.7143 -0.654 0.7966 0.1401 0.8072 -0.4278 -0.4067
-7.3179 0.5519 -0.94 0.826 0.3831 0.8072 -0.4278 -0.4067
-7.5372 0.4131 -1.2292 0.8592 0.6233 0.8072 -0.4278 -0.4067
-7.3857 0.7405 -1.2728 0.7962 0.6247 0.8072 -0.4278 -0.4067
-7.3179 0.5519 -0.94 0.826 0.3831 0.8072 -0.4278 -0.4067
-7.2611 0.3396 -0.604 0.8599 0.1416 0.8072 -0.4278 -0.4067
-7.5372 0.4131 -1.2292 0.8592 0.6233 0.8072 -0.4278 -0.4067
-7.0588 0.5269 -0.2278 0.8284 0.3815 0.8657 -0.4339 -0.2495
-6.8565 0.7143 0.1485 0.7971 0.6244 0.8657 -0.4339 -0.2495
-7.0299 0.3396 0.1984 0.8602 0.623 0.8657 -0.4339 -0.2495
-7.0588 0.5269 -0.2278 0.8284 0.3815 0.8657 -0.4339 -0.2495
-7.0878 0.7143 -0.654 0.7966 0.1401 0.8657 -0.4339 -0.2495
-6.8565 0.7143 0.1485 0.7971 0.6244 0.8657 -0.4339 -0.2495
-7.0588 0.5269 -0.2278 0.8284 0.3815 0.8657 -0.4339 -0.2495
-7.2611 0.3396 -0.604 0.8599 0.1416 0.8657 -0.4339 -0.2495
-7.0878 0.7143 -0.654 0.7966 0.1401 0.8657 -0.4339 -0.2495
-7.0588 0.5269 -0.2278 0.8284 0.3815 0.8657 -0.4339 -0.2495
-7.0299 0.3396 0.1984 0.8602 0.623 0.8657 -0.4339 -0.2495
-7.2611 0.3396 -0.604 0.8599 0.1416 0.8657 -0.4339 -0.2495
-7.5455 0.2549 -0.8744 0.8923 0.382 0.5443 -0.7708 -0.331
-7.2611 0.3396 -0.604 0.8599 0.1416 0.5443 -0.7708 -0.331
-7.5735 0.0803 -0.514 0.9298 0.1407 0.5443 -0.7708 -0.331
-7.5455 0.2549 -0.8744 0.8923 0.382 0.5443 -0.7708 -0.331
-7.5372 0.4131 -1.2292 0.8592 0.6233 0.5443 -0.7708 -0.331
-7.2611 0.3396 -0.604 0.8599 0.1416 0.5443 -0.7708 -0.331
-7.5455 0.2549 -0.8744 0.8923 0.382 0.5443 -0.7708 -0.331
-7.8102 0.1865 -1.1505 0.9297 0.6228 0.5443 -0.7708 -0.331
-7.5372 0.4131 -1.2292 0.8592 0.6233 0.5443 -0.7708 -0.331
-7.5455 0.2549 -0.8744 0.8923 0.382 0.5443 -0.7708 -0.331
-7.5735 0.0803 -0.514 0.9298 0.1407 0.5443 -0.7708 -0.331
-7.8102 0.1865 -1.1505 0.9297 0.6228 0.5443 -0.7708 -0.331
-7.3017 0.21 -0.1578 0.8953 0.382 0.5991 -0.7818 -0.1727
-7.0299 0.3396 0.1984 0.8602 0.623 0.5991 -0.7818 -0.1727
-7.3423 0.0803 0.2885 0.9307 0.6224 0.5991 -0.7818 -0.1727
-7.3017 0.21 -0.1578 0.8953 0.382 0.5991 -0.7818 -0.1727
-7.2611 0.3396 -0.604 0.8599 0.1416 0.5991 -0.7818 -0.1727
-7.0299 0.3396 0.1984 0.8602 0.623 0.5991 -0.7818 -0.1727
-7.3017 0.21 -0.1578 0.8953 0.382 0.5991 -0.7818 -0.1727
-7.5735 0.0803 -0.514 0.9298 0.1407 0.5991 -0.7818 -0.1727
-7.2611 0.3396 -0.604 0.8599 0.1416 0.5991 -0.7818 -0.1727
-7.3017 0.21 -0.1578 0.8953 0.382 0.5991 -0.7818 -0.1727
-7.3423 0.0803 0.2885 0.9307 0.6224 0.5991 -0.7818 -0.1727
-7.5735 0.0803 -0.514 0.9298 0.1407 0.5991 -0.7818 -0.1727
-7.8743 0.0901 -0.7796 0.9618 0.3832 0.1645 -0.9612 -0.2215
-7.5735 0.0803 -0.514 0.9286 0.1409 0.1645 -0.9612 -0.2215
-7.9631 -0.0122 -0.4017 1 0.1409 0.1645 -0.9612 -0.2215
-7.8743 0.0901 -0.7796 0.9618 0.3832 0.1645 -0.9612 -0.2215
-7.8102 0.1865 -1.1505 0.9282 0.6255 0.1645 -0.9612 -0.2215
-7.5735 0.0803 -0.514 0.9286 0.1409 0.1645 -0.9612 -0.2215
-7.8743 0.0901 -0.7796 0.9618 0.3832 0.1645 -0.9612 -0.2215
-8.1506 0.1057 -1.0524 0.9996 0.6255 0.1645 -0.9612 -0.2215
-7.8102 0.1865 -1.1505 0.9282 0.6255 0.1645 -0.9612 -0.2215
-7.8743 0.0901 -0.7796 0.9618 0.3832 0.1645 -0.9612 -0.2215
-7.9631 -0.0122 -0.4017 1 0.1409 0.1645 -0.9612 -0.2215
-8.1506 0.1057 -1.0524 0.9996 0.6255 0.1645 -0.9612 -0.2215
-7.6527 0.0341 -0.0566 0.9646 0.383 0.2138 -0.9749 -0.0616
-7.3423 0.0803 0.2885 0.9291 0.6252 0.2138 -0.9749 -0.0616
-7.7318 -0.0122 0.4007 1.0006 0.6252 0.2138 -0.9749 -0.0616
-7.6527 0.0341 -0.0566 0.9646 0.383 0.2138 -0.9749 -0.0616
-7.5735 0.0803 -0.514 0.9286 0.1409 0.2138 -0.9749 -0.0616
-7.3423 0.0803 0.2885 0.9291 0.6252 0.2138 -0.9749 -0.0616
-7.6527 0.0341 -0.0566 0.9646 0.383 0.2138 -0.9749 -0.0616
-7.9631 -0.0122 -0.4017 1 0.1409 0.2138 -0.9749 -0.0616
-7.5735 0.0803 -0.514 0.9286 0.1409 0.2138 -0.9749 -0.0616
-7.6527 0.0341 -0.0566 0.9646 0.383 0.2138 -0.9749 -0.0616
-7.7318 -0.0122 0.4007 1.0006 0.6252 0.2138 -0.9749 -0.0616
-7.9631 -0.0122 -0.4017 1 0.1409 0.2138 -0.9749 -0.0616
-7.381 0.1774 1.0043 0.3705 0.164 0.2769 0 0.9609
-7.2039 0.1865 0.9533 0.4049 0.1565 0.2769 0 0.9609
-7.2313 0.2458 0.9612 0.4045 0.175 0.2769 0 0.9609
-7.381 0.1774 1.0043 0.3705 0.164 0.2769 0 0.9609
-7.5443 0.1057 1.0514 0.3335 0.1529 0.2769 0 0.9609
-7.2039 0.1865 0.9533 0.4049 0.1565 0.2769 0 0.9609
-7.381 0.1774 1.0043 0.3705 0.164 0.2769 0 0.9609
-7.5443 0.1715 1.0514 0.3335 0.1715 0.2769 0 0.9609
-7.5443 0.1057 1.0514 0.3335 0.1529 0.2769 0 0.9609
-7.381 0.1774 1.0043 0.3705 0.164 0.2769 0 0.9609
-7.2313 0.2458 0.9612 0.4045 0.175 0.2769 0 0.9609
-7.5443 0.1715 1.0514 0.3335 0.1715 0.2769 0 0.9609
-7.0866 0.3249 0.9195 0.442 0.1654 0.2769 -0 0.9609
-6.9309 0.4131 0.8746 0.4673 0.1584 0.2769 -0 0.9609
-6.9803 0.4541 0.8889 0.4674 0.1719 0.2769 -0 0.9609
-7.0866 0.3249 0.9195 0.442 0.1654 0.2769 0 0.9609
-7.2039 0.1865 0.9533 0.4144 0.1589 0.2769 0 0.9609
-6.9309 0.4131 0.8746 0.4673 0.1584 0.2769 0 0.9609
-7.0866 0.3249 0.9195 0.442 0.1654 0.2769 0 0.9609
-7.2313 0.2458 0.9612 0.4141 0.1725 0.2769 0 0.9609
-7.2039 0.1865 0.9533 0.4144 0.1589 0.2769 0 0.9609
-7.0866 0.3249 0.9195 0.442 0.1654 0.2769 0 0.9609
-6.9803 0.4541 0.8889 0.4674 0.1719 0.2769 0 0.9609
-7.2313 0.2458 0.9612 0.4141 0.1725 0.2769 0 0.9609
-6.8829 0.5907 0.8608 0.8265 0.1355 0.2769 -0 0.9609
-6.7794 0.7405 0.8309 0.8588 0.1266 0.2769 -0 0.9609
-6.8411 0.7551 0.8487 0.8588 0.1436 0.2769 -0 0.9609
-6.8829 0.5907 0.8608 0.8265 0.1355 0.2769 -0 0.9609
-6.9309 0.4131 0.8746 0.7916 0.1274 0.2769 -0 0.9609
-6.7794 0.7405 0.8309 0.8588 0.1266 0.2769 -0 0.9609
-6.8829 0.5907 0.8608 0.8265 0.1355 0.2769 0 0.9609
-6.9803 0.4541 0.8889 0.7918 0.1446 0.2769 0 0.9609
-6.9309 0.4131 0.8746 0.7916 0.1274 0.2769 0 0.9609
-6.8829 0.5907 0.8608 0.8265 0.1355 0.2769 -0 0.9609
-6.8411 0.7551 0.8487 0.8588 0.1436 0.2769 -0 0.9609
-6.9803 0.4541 0.8889 0.7918 0.1446 0.2769 -0 0.9609
-6.8102 0.9222 0.8398 0.761 0.1349 0.2769 -0 0.9609
-6.7794 1.1039 0.8309 0.7925 0.1268 0.2769 -0 0.9609
-6.8411 1.0892 0.8487 0.7939 0.145 0.2769 -0 0.9609
-6.8102 0.9222 0.8398 0.761 0.1349 0.2769 0 0.9609
-6.7794 0.7405 0.8309 0.7254 0.1248 0.2769 0 0.9609
-6.7794 1.1039 0.8309 0.7925 0.1268 0.2769 0 0.9609
-6.8102 0.9222 0.8398 0.761 0.1349 0.2769 0 0.9609
-6.8411 0.7551 0.8487 0.7253 0.1431 0.2769 0 0.9609
-6.7794 0.7405 0.8309 0.7254 0.1248 0.2769 0 0.9609
-6.8102 0.9222 0.8398 0.761 0.1349 0.2769 0 0.9609
-6.8411 1.0892 0.8487 0.7939 0.145 0.2769 0 0.9609
-6.8411 0.7551 0.8487 0.7253 0.1431 0.2769 0 0.9609
-6.8829 1.2536 0.8608 0.6959 0.1334 0.2769 -0 0.9609
-6.9309 1.4313 0.8746 0.7275 0.1249 0.2769 -0 0.9609
-6.9803 1.3902 0.8889 0.7279 0.1411 0.2769 -0 0.9609
-6.8829 1.2536 0.8608 0.6959 0.1334 0.2769 0 0.9609
-6.7794 1.1039 0.8309 0.6613 0.1256 0.2769 0 0.9609
-6.9309 1.4313 0.8746 0.7275 0.1249 0.2769 0 0.9609
-6.8829 1.2536 0.8608 0.6959 0.1334 0.2769 0 0.9609
-6.8411 1.0892 0.8487 0.6625 0.1419 0.2769 0 0.9609
-6.7794 1.1039 0.8309 0.6613 0.1256 0.2769 0 0.9609
-6.8829 1.2536 0.8608 0.6959 0.1334 0.2769 0 0.9609
-6.9803 1.3902 0.8889 0.7279 0.1411 0.2769 0 0.9609
-6.8411 1.0892 0.8487 0.6625 0.1419 0.2769 0 0.9609
-7.0866 1.5195 0.9195 0.6317 0.1294 0.2769 -0 0.9609
-7.2039 1.6578 0.9533 0.6648 0.1211 0.2769 -0 0.9609
-7.2313 1.5985 0.9612 0.6653 0.1393 0.2769 -0 0.9609
-7.0866 1.5195 0.9195 0.6317 0.1294 0.2769 -0 0.9609
-6.9309 1.4313 0.8746 0.5953 0.1195 0.2769 -0 0.9609
-7.2039 1.6578 0.9533 0.6648 0.1211 0.2769 -0 0.9609
-7.0866 1.5195 0.9195 0.6317 0.1294 0.2769 -0 0.9609
-6.9803 1.3902 0.8889 0.5956 0.1377 0.2769 -0 0.9609
-6.9309 1.4313 0.8746 0.5953 0.1195 0.2769 -0 0.9609
-7.0866 1.5195 0.9195 0.6317 0.1294 0.2769 -0 0.9609
-7.2313 1.5985 0.9612 0.6653 0.1393 0.2769 -0 0.9609
-6.9803 1.3902 0.8889 0.5956 0.1377 0.2769 -0 0.9609
-7.381 1.667 1.0043 0.5727 0.1346 0.2769 0 0.9609
-7.5443 1.7387 1.0514 0.6074 0.1242 0.2769 0 0.9609
-7.5443 1.6729 1.0514 0.6082 0.1423 0.2769 0 0.9609
-7.381 1.667 1.0043 0.5727 0.1346 0.2769 -0 0.9609
-7.2039 1.6578 0.9533 0.5343 0.127 0.2769 -0 0.9609
-7.5443 1.7387 1.0514 0.6074 0.1242 0.2769 -0 0.9609
-7.381 1.667 1.0043 0.5727 0.1346 0.2769 -0 0.9609
-7.2313 1.5985 0.9612 0.5347 0.1451 0.2769 -0 0.9609
-7.2039 1.6578 0.9533 0.5343 0.127 0.2769 -0 0.9609
-7.381 1.667 1.0043 0.5727 0.1346 0.2769 0 0.9609
-7.5443 1.6729 1.0514 0.6082 0.1423 0.2769 0 0.9609
-7.2313 1.5985 0.9612 0.5347 0.1451 0.2769 0 0.9609
-7.7077 1.667 1.0985 0.8689 0.1618 0.2769 0 0.9609
-7.8847 1.6578 1.1495 0.9008 0.1508 0.2769 0 0.9609
-7.8573 1.5985 1.1416 0.9019 0.1688 0.2769 0 0.9609
-7.7077 1.667 1.0985 0.8689 0.1618 0.2769 0 0.9609
-7.5443 1.7387 1.0514 0.8332 0.155 0.2769 0 0.9609
-7.8847 1.6578 1.1495 0.9008 0.1508 0.2769 0 0.9609
-7.7077 1.667 1.0985 0.8689 0.1618 0.2769 0 0.9609
-7.5443 1.6729 1.0514 0.834 0.173 0.2769 0 0.9609
-7.5443 1.7387 1.0514 0.8332 0.155 0.2769 0 0.9609
-7.7077 1.667 1.0985 0.8689 0.1618 0.2769 -0 0.9609
-7.8573 1.5985 1.1416 0.9019 0.1688 0.2769 -0 0.9609
-7.5443 1.6729 1.0514 0.834 0.173 0.2769 -0 0.9609
-8.002 1.5195 1.1833 0.9404 0.1625 0.2769 -0 0.9609
-8.1577 1.4313 1.2282 0.9756 0.1559 0.2769 -0 0.9609
-8.1083 1.3902 1.2139 0.977 0.174 0.2769 -0 0.9609
-8.002 1.5195 1.1833 0.9404 0.1625 0.2769 -0 0.9609
-7.8847 1.6578 1.1495 0.9008 0.1508 0.2769 -0 0.9609
-8.1577 1.4313 1.2282 0.9756 0.1559 0.2769 -0 0.9609
-8.002 1.5195 1.1833 0.9404 0.1625 0.2769 0 0.9609
-7.8573 1.5985 1.1416 0.9019 0.1688 0.2769 0 0.9609
-7.8847 1.6578 1.1495 0.9008 0.1508 0.2769 0 0.9609
-8.002 1.5195 1.1833 0.9404 0.1625 0.2769 0 0.9609
-8.1083 1.3902 1.2139 0.977 0.174 0.2769 0 0.9609
-7.8573 1.5985 1.1416 0.9019 0.1688 0.2769 0 0.9609
-8.2057 1.2536 1.242 1.0106 0.1639 0.2769 0 0.9609
-8.3092 1.1039 1.2718 1.0436 0.1541 0.2769 0 0.9609
-8.2475 1.0892 1.2541 1.0428 0.1719 0.2769 0 0.9609
-8.2057 1.2536 1.242 1.0106 0.1639 0.2769 0 0.9609
-8.1577 1.4313 1.2282 0.9756 0.1559 0.2769 0 0.9609
-8.3092 1.1039 1.2718 1.0436 0.1541 0.2769 0 0.9609
-8.2057 1.2536 1.242 1.0106 0.1639 0.2769 -0 0.9609
-8.1083 1.3902 1.2139 0.977 0.174 0.2769 -0 0.9609
-8.1577 1.4313 1.2282 0.9756 0.1559 0.2769 -0 0.9609
-8.2057 1.2536 1.242 1.0106 0.1639 0.2769 0 0.9609
-8.2475 1.0892 1.2541 1.0428 0.1719 0.2769 0 0.9609
-8.1083 1.3902 1.2139 0.977 0.174 0.2769 0 0.9609
-8.2784 0.9222 1.2629 0.087 0.1643 0.2769 -0 0.9609
-8.3092 0.7405 1.2718 0.1187 0.1553 0.2769 -0 0.9609
-8.2475 0.7551 1.2541 0.1191 0.1737 0.2769 -0 0.9609
-8.2784 0.9222 1.2629 0.087 0.1643 0.2769 0 0.9609
-8.3092 1.1039 1.2718 0.0522 0.1549 0.2769 0 0.9609
-8.3092 0.7405 1.2718 0.1187 0.1553 0.2769 0 0.9609
-8.2784 0.9222 1.2629 0.087 0.1643 0.2769 0 0.9609
-8.2475 1.0892 1.2541 0.0523 0.1713 0.2769 0 0.9609
-8.3092 1.1039 1.2718 0.0522 0.1549 0.2769 0 0.9609
-8.2784 0.9222 1.2629 0.087 0.1643 0.2769 0 0.9609
-8.2475 0.7551 1.2541 0.1191 0.1737 0.2769 0 0.9609
-8.2475 1.0892 1.2541 0.0523 0.1713 0.2769 0 0.9609
-8.2057 0.5907 1.242 0.1554 0.165 0.2769 0 0.9609
-8.1577 0.4131 1.2282 0.1887 0.1559 0.2769 0 0.9609
-8.1083 0.4541 1.2139 0.1893 0.1746 0.2769 0 0.9609
-8.2057 0.5907 1.242 0.1554 0.165 0.2769 -0 0.9609
-8.3092 0.7405 1.2718 0.1187 0.1553 0.2769 -0 0.9609
-8.1577 0.4131 1.2282 0.1887 0.1559 0.2769 -0 0.9609
-8.2057 0.5907 1.242 0.1554 0.165 0.2769 -0 0.9609
-8.2475 0.7551 1.2541 0.1191 0.1737 0.2769 -0 0.9609
-8.3092 0.7405 1.2718 0.1187 0.1553 0.2769 -0 0.9609
-8.2057 0.5907 1.242 0.1554 0.165 0.2769 -0 0.9609
-8.1083 0.4541 1.2139 0.1893 0.1746 0.2769 -0 0.9609
-8.2475 0.7551 1.2541 0.1191 0.1737 0.2769 -0 0.9609
-8.002 0.3249 1.1833 0.2272 0.1645 0.2769 -0 0.9609
-7.8847 0.1865 1.1495 0.2634 0.1545 0.2769 -0 0.9609
-7.8573 0.2458 1.1416 0.2626 0.1731 0.2769 -0 0.9609
-8.002 0.3249 1.1833 0.2272 0.1645 0.2769 -0 0.9609
-8.1577 0.4131 1.2282 0.1887 0.1559 0.2769 -0 0.9609
-7.8847 0.1865 1.1495 0.2634 0.1545 0.2769 -0 0.9609
-8.002 0.3249 1.1833 0.2272 0.1645 0.2769 0 0.9609
-8.1083 0.4541 1.2139 0.1893 0.1746 0.2769 0 0.9609
-8.1577 0.4131 1.2282 0.1887 0.1559 0.2769 0 0.9609
-8.002 0.3249 1.1833 0.2272 0.1645 0.2769 0 0.9609
-7.8573 0.2458 1.1416 0.2626 0.1731 0.2769 0 0.9609
-8.1083 0.4541 1.2139 0.1893 0.1746 0.2769 0 0.9609
-7.7077 0.1774 1.0985 0.2999 0.1629 0.2769 0 0.9609
-7.5443 0.1057 1.0514 0.3335 0.1529 0.2769 0 0.9609
-7.5443 0.1715 1.0514 0.3335 0.1715 0.2769 0 0.9609
-7.7077 0.1774 1.0985 0.2999 0.1629 0.2769 -0 0.9609
-7.8847 0.1865 1.1495 0.2634 0.1545 0.2769 -0 0.9609
-7.5443 0.1057 1.0514 0.3335 0.1529 0.2769 -0 0.9609
-7.7077 0.1774 1.0985 0.2999 0.1629 0.2769 -0 0.9609
-7.8573 0.2458 1.1416 0.2626 0.1731 0.2769 -0 0.9609
-7.8847 0.1865 1.1495 0.2634 0.1545 0.2769 -0 0.9609
-7.7077 0.1774 1.0985 0.2999 0.1629 0.2769 0 0.9609
-7.5443 0.1715 1.0514 0.3335 0.1715 0.2769 0 0.9609
-7.8573 0.2458 1.1416 0.2626 0.1731 0.2769 0 0.9609
-7.5712 0.9222 0.9582 0.3189 0.8151 0.2769 0 0.9609
-6.8679 0.7551 0.7555 0.4774 0.7789 0.2769 0 0.9609
-6.8679 1.0892 0.7555 0.4774 0.8513 0.2769 0 0.9609
-7.5712 0.9222 0.9582 0.3189 0.8151 0.2769 -0 0.9609
-7.0072 0.4541 0.7957 0.446 0.7137 0.2769 -0 0.9609
-6.8679 0.7551 0.7555 0.4774 0.7789 0.2769 -0 0.9609
-7.5712 0.9222 0.9582 0.3189 0.8151 0.2769 -0 0.9609
-7.2582 0.2458 0.868 0.3894 0.6686 0.2769 -0 0.9609
-7.0072 0.4541 0.7957 0.446 0.7137 0.2769 -0 0.9609
-7.5712 0.9222 0.9582 0.3189 0.8151 0.2769 -0 0.9609
-7.5712 0.1715 0.9582 0.3189 0.6525 0.2769 -0 0.9609
-7.2582 0.2458 0.868 0.3894 0.6686 0.2769 -0 0.9609
-7.5712 0.9222 0.9582 0.3189 0.8151 0.2769 -0 0.9609
-7.8841 0.2458 1.0484 0.2483 0.6686 0.2769 -0 0.9609
-7.5712 0.1715 0.9582 0.3189 0.6525 0.2769 -0 0.9609
-7.5712 0.9222 0.9582 0.3189 0.8151 0.2769 -0 0.9609
-8.1351 0.4541 1.1207 0.1917 0.7137 0.2769 -0 0.9609
-7.8841 0.2458 1.0484 0.2483 0.6686 0.2769 -0 0.9609
-7.5712 0.9222 0.9582 0.3189 0.8151 0.2769 -0 0.9609
-8.2744 0.7551 1.1609 0.1603 0.7789 0.2769 -0 0.9609
-8.1351 0.4541 1.1207 0.1917 0.7137 0.2769 -0 0.9609
-7.5712 0.9222 0.9582 0.3189 0.8151 0.2769 0 0.9609
-8.2744 1.0892 1.1609 0.1603 0.8513 0.2769 0 0.9609
-8.2744 0.7551 1.1609 0.1603 0.7789 0.2769 0 0.9609
-7.5712 0.9222 0.9582 0.3189 0.8151 0.2769 0 0.9609
-8.1351 1.3902 1.1207 0.1917 0.9165 0.2769 0 0.9609
-8.2744 1.0892 1.1609 0.1603 0.8513 0.2769 0 0.9609
-7.5712 0.9222 0.9582 0.3189 0.8151 0.2769 0 0.9609
-7.8841 1.5985 1.0484 0.2483 0.9616 0.2769 0 0.9609
-8.1351 1.3902 1.1207 0.1917 0.9165 0.2769 0 0.9609
-7.5712 0.9222 0.9582 0.3189 0.8151 0.2769 -0 0.9609
-7.5712 1.6729 0.9582 0.3189 0.9777 0.2769 -0 0.9609
-7.8841 1.5985 1.0484 0.2483 0.9616 0.2769 -0 0.9609
-7.5712 0.9222 0.9582 0.3189 0.8151 0.2769 -0 0.9609
-7.2582 1.5985 0.868 0.3894 0.9616 0.2769 -0 0.9609
-7.5712 1.6729 0.9582 0.3189 0.9777 0.2769 -0 0.9609
-7.5712 0.9222 0.9582 0.3189 0.8151 0.2769 0 0.9609
-7.0072 1.3902 0.7957 0.446 0.9165 0.2769 0 0.9609
-7.2582 1.5985 0.868 0.3894 0.9616 0.2769 0 0.9609
-7.5712 0.9222 0.9582 0.3189 0.8151 0.2769 0 0.9609
-6.8679 1.0892 0.7555 0.4774 0.8513 0.2769 0 0.9609
-7.0072 1.3902 0.7957 0.446 0.9165 0.2769 0 0.9609
-8.1913 1.2397 1.1874 1.012 0.1838 0.8657 -0.4339 -0.2495
-8.1351 1.3902 1.1207 0.9788 0.1978 0.8657 -0.4339 -0.2495
-8.1083 1.3902 1.2139 0.977 0.174 0.8657 -0.4339 -0.2495
-8.1913 1.2397 1.1874 1.012 0.1838 0.8657 -0.4339 -0.2495
-8.2744 1.0892 1.1609 1.0469 0.1935 0.8657 -0.4339 -0.2495
-8.1351 1.3902 1.1207 0.9788 0.1978 0.8657 -0.4339 -0.2495
-8.1913 1.2397 1.1874 1.012 0.1838 0.8657 -0.4339 -0.2495
-8.2475 1.0892 1.2541 1.0428 0.1719 0.8657 -0.4339 -0.2495
-8.2744 1.0892 1.1609 1.0469 0.1935 0.8657 -0.4339 -0.2495
-8.1913 1.2397 1.1874 1.012 0.1838 0.8657 -0.4339 -0.2495
-8.1083 1.3902 1.2139 0.977 0.174 0.8657 -0.4339 -0.2495
-8.2475 1.0892 1.2541 1.0428 0.1719 0.8657 -0.4339 -0.2495
-6.9241 0.6046 0.8222 0.5129 0.1861 -0.8657 0.4339 0.2495
-7.0072 0.4541 0.7957 0.4771 0.1991 -0.8657 0.4339 0.2495
-6.9803 0.4541 0.8889 0.4771 0.1743 -0.8657 0.4339 0.2495
-6.9241 0.6046 0.8222 0.5129 0.1861 -0.8657 0.4339 0.2495
-6.8679 0.7551 0.7555 0.5488 0.198 -0.8657 0.4339 0.2495
-7.0072 0.4541 0.7957 0.4771 0.1991 -0.8657 0.4339 0.2495
-6.9241 0.6046 0.8222 0.5129 0.1861 -0.8657 0.4339 0.2495
-6.8411 0.7551 0.8487 0.5491 0.1732 -0.8657 0.4339 0.2495
-6.8679 0.7551 0.7555 0.5488 0.198 -0.8657 0.4339 0.2495
-6.9241 0.6046 0.8222 0.5129 0.1861 -0.8657 0.4339 0.2495
-6.9803 0.4541 0.8889 0.4771 0.1743 -0.8657 0.4339 0.2495
-6.8411 0.7551 0.8487 0.5491 0.1732 -0.8657 0.4339 0.2495
-8.261 0.9222 1.2075 0.0858 0.1854 0.9609 0 -0.2769
-8.2744 1.0892 1.1609 0.0522 0.1963 0.9609 0 -0.2769
-8.2475 1.0892 1.2541 0.0523 0.1713 0.9609 0 -0.2769
-8.261 0.9222 1.2075 0.0858 0.1854 0.9609 0 -0.2769
-8.2744 0.7551 1.1609 0.1192 0.1994 0.9609 0 -0.2769
-8.2744 1.0892 1.1609 0.0522 0.1963 0.9609 0 -0.2769
-8.261 0.9222 1.2075 0.0858 0.1854 0.9609 0 -0.2769
-8.2475 0.7551 1.2541 0.1191 0.1737 0.9609 0 -0.2769
-8.2744 0.7551 1.1609 0.1192 0.1994 0.9609 0 -0.2769
-8.261 0.9222 1.2075 0.0858 0.1854 0.9609 0 -0.2769
-8.2475 1.0892 1.2541 0.0523 0.1713 0.9609 0 -0.2769
-8.2475 0.7551 1.2541 0.1191 0.1737 0.9609 0 -0.2769
-6.8545 0.9222 0.8021 0.5841 0.1865 -0.9609 -0 0.2769
-6.8679 0.7551 0.7555 0.5488 0.198 -0.9609 -0 0.2769
-6.8411 0.7551 0.8487 0.5491 0.1732 -0.9609 -0 0.2769
-6.8545 0.9222 0.8021 0.5841 0.1865 -0.9609 0 0.2769
-6.8679 1.0892 0.7555 0.6191 0.1997 -0.9609 0 0.2769
-6.8679 0.7551 0.7555 0.5488 0.198 -0.9609 0 0.2769
-6.8545 0.9222 0.8021 0.5841 0.1865 -0.9609 0 0.2769
-6.8411 1.0892 0.8487 0.6176 0.1751 -0.9609 0 0.2769
-6.8679 1.0892 0.7555 0.6191 0.1997 -0.9609 0 0.2769
-6.8545 0.9222 0.8021 0.5841 0.1865 -0.9609 0 0.2769
-6.8411 0.7551 0.8487 0.5491 0.1732 -0.9609 0 0.2769
-6.8411 1.0892 0.8487 0.6176 0.1751 -0.9609 0 0.2769
-8.1913 0.6046 1.1874 0.1545 0.1868 0.8657 0.4339 -0.2495
-8.2744 0.7551 1.1609 0.1192 0.1994 0.8657 0.4339 -0.2495
-8.2475 0.7551 1.2541 0.1191 0.1737 0.8657 0.4339 -0.2495
-8.1913 0.6046 1.1874 0.1545 0.1868 0.8657 0.4339 -0.2495
-8.1351 0.4541 1.1207 0.1899 0.1998 0.8657 0.4339 -0.2495
-8.2744 0.7551 1.1609 0.1192 0.1994 0.8657 0.4339 -0.2495
-8.1913 0.6046 1.1874 0.1545 0.1868 0.8657 0.4339 -0.2495
-8.1083 0.4541 1.2139 0.1893 0.1746 0.8657 0.4339 -0.2495
-8.1351 0.4541 1.1207 0.1899 0.1998 0.8657 0.4339 -0.2495
-8.1913 0.6046 1.1874 0.1545 0.1868 0.8657 0.4339 -0.2495
-8.2475 0.7551 1.2541 0.1191 0.1737 0.8657 0.4339 -0.2495
-8.1083 0.4541 1.2139 0.1893 0.1746 0.8657 0.4339 -0.2495
-6.9241 1.2397 0.8222 0.6544 0.187 -0.8657 -0.4339 0.2495
-6.8679 1.0892 0.7555 0.6191 0.1997 -0.8657 -0.4339 0.2495
-6.8411 1.0892 0.8487 0.6176 0.1751 -0.8657 -0.4339 0.2495
-6.9241 1.2397 0.8222 0.6544 0.187 -0.8657 -0.4339 0.2495
-7.0072 1.3902 0.7957 0.6911 0.1988 -0.8657 -0.4339 0.2495
-6.8679 1.0892 0.7555 0.6191 0.1997 -0.8657 -0.4339 0.2495
-6.9241 1.2397 0.8222 0.6544 0.187 -0.8657 -0.4339 0.2495
-6.9803 1.3902 0.8889 0.6909 0.1743 -0.8657 -0.4339 0.2495
-7.0072 1.3902 0.7957 0.6911 0.1988 -0.8657 -0.4339 0.2495
-6.9241 1.2397 0.8222 0.6544 0.187 -0.8657 -0.4339 0.2495
-6.8411 1.0892 0.8487 0.6176 0.1751 -0.8657 -0.4339 0.2495
-6.9803 1.3902 0.8889 0.6909 0.1743 -0.8657 -0.4339 0.2495
-7.9962 0.35 1.1312 0.2252 0.1864 0.5991 0.7818 -0.1727
-8.1351 0.4541 1.1207 0.1899 0.1998 0.5991 0.7818 -0.1727
-8.1083 0.4541 1.2139 0.1893 0.1746 0.5991 0.7818 -0.1727
-7.9962 0.35 1.1312 0.2252 0.1864 0.5991 0.7818 -0.1727
-7.8841 0.2458 1.0484 0.2611 0.1982 0.5991 0.7818 -0.1727
-8.1351 0.4541 1.1207 0.1899 0.1998 0.5991 0.7818 -0.1727
-7.9962 0.35 1.1312 0.2252 0.1864 0.5991 0.7818 -0.1727
-7.8573 0.2458 1.1416 0.2626 0.1731 0.5991 0.7818 -0.1727
-7.8841 0.2458 1.0484 0.2611 0.1982 0.5991 0.7818 -0.1727
-7.9962 0.35 1.1312 0.2252 0.1864 0.5991 0.7818 -0.1727
-8.1083 0.4541 1.2139 0.1893 0.1746 0.5991 0.7818 -0.1727
-7.8573 0.2458 1.1416 0.2626 0.1731 0.5991 0.7818 -0.1727
-7.1193 1.4944 0.8784 0.7259 0.1873 -0.5991 -0.7818 0.1727
-7.0072 1.3902 0.7957 0.6911 0.1988 -0.5991 -0.7818 0.1727
-6.9803 1.3902 0.8889 0.6909 0.1743 -0.5991 -0.7818 0.1727
-7.1193 1.4944 0.8784 0.7259 0.1873 -0.5991 -0.7818 0.1727
-7.2582 1.5985 0.868 0.7608 0.2003 -0.5991 -0.7818 0.1727
-7.0072 1.3902 0.7957 0.6911 0.1988 -0.5991 -0.7818 0.1727
-7.1193 1.4944 0.8784 0.7259 0.1873 -0.5991 -0.7818 0.1727
-7.2313 1.5985 0.9612 0.7605 0.1759 -0.5991 -0.7818 0.1727
-7.2582 1.5985 0.868 0.7608 0.2003 -0.5991 -0.7818 0.1727
-7.1193 1.4944 0.8784 0.7259 0.1873 -0.5991 -0.7818 0.1727
-6.9803 1.3902 0.8889 0.6909 0.1743 -0.5991 -0.7818 0.1727
-7.2313 1.5985 0.9612 0.7605 0.1759 -0.5991 -0.7818 0.1727
-7.7142 0.2087 1.0499 0.2979 0.1848 0.2138 0.9749 -0.0616
-7.8841 0.2458 1.0484 0.2611 0.1982 0.2138 0.9749 -0.0616
-7.8573 0.2458 1.1416 0.2626 0.1731 0.2138 0.9749 -0.0616
-7.7142 0.2087 1.0499 0.2979 0.1848 0.2138 0.9749 -0.0616
-7.5712 0.1715 0.9582 0.3332 0.1965 0.2138 0.9749 -0.0616
-7.8841 0.2458 1.0484 0.2611 0.1982 0.2138 0.9749 -0.0616
-7.7142 0.2087 1.0499 0.2979 0.1848 0.2138 0.9749 -0.0616
-7.5443 0.1715 1.0514 0.3335 0.1715 0.2138 0.9749 -0.0616
-7.5712 0.1715 0.9582 0.3332 0.1965 0.2138 0.9749 -0.0616
-7.7142 0.2087 1.0499 0.2979 0.1848 0.2138 0.9749 -0.0616
-7.8573 0.2458 1.1416 0.2626 0.1731 0.2138 0.9749 -0.0616
-7.5443 0.1715 1.0514 0.3335 0.1715 0.2138 0.9749 -0.0616
-7.4012 1.6357 0.9597 0.7977 0.1866 -0.2138 -0.9749 0.0616
-7.2582 1.5985 0.868 0.7608 0.2003 -0.2138 -0.9749 0.0616
-7.2313 1.5985 0.9612 0.7605 0.1759 -0.2138 -0.9749 0.0616
-7.4012 1.6357 0.9597 0.7977 0.1866 -0.2138 -0.9749 0.0616
-7.5712 1.6729 0.9582 0.8348 0.1973 -0.2138 -0.9749 0.0616
-7.2582 1.5985 0.868 0.7608 0.2003 -0.2138 -0.9749 0.0616
-7.4012 1.6357 0.9597 0.7977 0.1866 -0.2138 -0.9749 0.0616
-7.5443 1.6729 1.0514 0.834 0.173 -0.2138 -0.9749 0.0616
-7.5712 1.6729 0.9582 0.8348 0.1973 -0.2138 -0.9749 0.0616
-7.4012 1.6357 0.9597 0.7977 0.1866 -0.2138 -0.9749 0.0616
-7.2313 1.5985 0.9612 0.7605 0.1759 -0.2138 -0.9749 0.0616
-7.5443 1.6729 1.0514 0.834 0.173 -0.2138 -0.9749 0.0616
-7.7142 1.6357 1.0499 0.8686 0.183 0.2138 -0.9749 -0.0616
-7.5712 1.6729 0.9582 0.8348 0.1973 0.2138 -0.9749 -0.0616
-7.5443 1.6729 1.0514 0.834 0.173 0.2138 -0.9749 -0.0616
-7.7142 1.6357 1.0499 0.8686 0.183 0.2138 -0.9749 -0.0616
-7.8841 1.5985 1.0484 0.9032 0.193 0.2138 -0.9749 -0.0616
-7.5712 1.6729 0.9582 0.8348 0.1973 0.2138 -0.9749 -0.0616
-7.7142 1.6357 1.0499 0.8686 0.183 0.2138 -0.9749 -0.0616
-7.8573 1.5985 1.1416 0.9019 0.1688 0.2138 -0.9749 -0.0616
-7.8841 1.5985 1.0484 0.9032 0.193 0.2138 -0.9749 -0.0616
-7.7142 1.6357 1.0499 0.8686 0.183 0.2138 -0.9749 -0.0616
-7.5443 1.6729 1.0514 0.834 0.173 0.2138 -0.9749 -0.0616
-7.8573 1.5985 1.1416 0.9019 0.1688 0.2138 -0.9749 -0.0616
-7.4012 0.2087 0.9597 0.3686 0.1857 -0.2138 0.9749 0.0616
-7.5712 0.1715 0.9582 0.3332 0.1965 -0.2138 0.9749 0.0616
-7.5443 0.1715 1.0514 0.3335 0.1715 -0.2138 0.9749 0.0616
-7.4012 0.2087 0.9597 0.3686 0.1857 -0.2138 0.9749 0.0616
-7.2582 0.2458 0.868 0.4036 0.1999 -0.2138 0.9749 0.0616
-7.5712 0.1715 0.9582 0.3332 0.1965 -0.2138 0.9749 0.0616
-7.4012 0.2087 0.9597 0.3686 0.1857 -0.2138 0.9749 0.0616
-7.2313 0.2458 0.9612 0.4045 0.175 -0.2138 0.9749 0.0616
-7.2582 0.2458 0.868 0.4036 0.1999 -0.2138 0.9749 0.0616
-7.4012 0.2087 0.9597 0.3686 0.1857 -0.2138 0.9749 0.0616
-7.5443 0.1715 1.0514 0.3335 0.1715 -0.2138 0.9749 0.0616
-7.2313 0.2458 0.9612 0.4045 0.175 -0.2138 0.9749 0.0616
-7.9962 1.4944 1.1312 0.9404 0.1833 0.5991 -0.7818 -0.1727
-7.8841 1.5985 1.0484 0.9032 0.193 0.5991 -0.7818 -0.1727
-7.8573 1.5985 1.1416 0.9019 0.1688 0.5991 -0.7818 -0.1727
-7.9962 1.4944 1.1312 0.9404 0.1833 0.5991 -0.7818 -0.1727
-8.1351 1.3902 1.1207 0.9788 0.1978 0.5991 -0.7818 -0.1727
-7.8841 1.5985 1.0484 0.9032 0.193 0.5991 -0.7818 -0.1727
-7.9962 1.4944 1.1312 0.9404 0.1833 0.5991 -0.7818 -0.1727
-8.1083 1.3902 1.2139 0.977 0.174 0.5991 -0.7818 -0.1727
-8.1351 1.3902 1.1207 0.9788 0.1978 0.5991 -0.7818 -0.1727
-7.9962 1.4944 1.1312 0.9404 0.1833 0.5991 -0.7818 -0.1727
-7.8573 1.5985 1.1416 0.9019 0.1688 0.5991 -0.7818 -0.1727
-8.1083 1.3902 1.2139 0.977 0.174 0.5991 -0.7818 -0.1727
